0 0
0 0

0 0

0 0
0.626804 4.87949

0.626804 4.87949
1.52528 5.95588
-1.91519 3.53277

0.626804 4.87949
-2.95965 5.74816

0.626804 4.87949

0.626804 4.87949
1.06283 3.29864
0.540816 0.247878

0.626804 4.87949
3.601 7.58215

0.626804 4.87949

0.626804 4.87949

0.626804 4.87949
1.25361 9.75897

0.626804 4.87949
1.72715 2.05606
2.35395 6.93554

1.72715 2.05606

2.35395 6.93554
0.599343 7.23343
1.22615 12.1129

2.35395 6.93554

2.35395 6.93554
-1.34624 10.2629

2.35395 6.93554

2.35395 6.93554
2.98076 11.815

2.35395 6.93554

2.35395 6.93554

2.35395 6.93554

2.35395 6.93554
-0.184483 3.20962

2.35395 6.93554
2.98076 11.815
5.60957 13.1332

2.98076 11.815

2.98076 11.815

2.98076 11.815

2.98076 11.815
1.81575 14.6794

2.98076 11.815
3.60756 16.6945

3.60756 16.6945
2.60048 20.3344

3.60756 16.6945

3.60756 16.6945
4.23437 21.574

4.23437 21.574
4.86117 26.4535
9.64567 24.3227

4.23437 21.574

3.60756 16.6945

3.60756 16.6945

3.60756 16.6945

3.60756 16.6945

3.60756 16.6945
6.82824 16.6001
7.45505 21.4796
8.08185 26.3591
8.70866 31.2386
8.42928 30.5999

3.60756 16.6945
3.71988 14.1886

3.60756 16.6945
1.32612 15.3334
2.72384 13.5198
1.15979 11.9389
3.61468 14.7251

2.72384 13.5198
2.07223 10.618

2.72384 13.5198

2.72384 13.5198
1.5661 11.0616

1.5661 11.0616
4.16126 12.46
3.36833 14.006
2.21184 11.9902

4.16126 12.46

2.21184 11.9902
2.83865 16.8697
-0.283108 17.2433
1.0109 18.8186

-0.283108 17.2433
0.343697 22.1228

-0.283108 17.2433

-0.283108 17.2433

-0.283108 17.2433

-0.283108 17.2433
3.57053 14.0722
0.937294 12.7469

3.57053 14.0722
3.14321 10.4094
3.77001 15.2888

3.57053 14.0722

3.57053 14.0722
5.84514 15.7238

3.57053 14.0722
2.80245 15.3398

2.80245 15.3398

2.80245 15.3398

2.80245 15.3398

2.80245 15.3398

2.80245 15.3398

2.80245 15.3398

2.80245 15.3398

2.80245 15.3398

2.80245 15.3398
3.42925 20.2193
4.05605 25.0988

3.42925 20.2193
4.05605 25.0988

3.42925 20.2193
5.96608 23.7814
5.39342 20.9618
7.82225 22.5394
8.44906 27.4189
8.62944 29.8641

3.42925 20.2193

3.42925 20.2193
0.812587 19.2425

3.42925 20.2193

3.42925 20.2193

3.42925 20.2193

3.42925 20.2193
4.05605 25.0988

3.42925 20.2193
4.05605 25.0988
5.15593 27.7093
4.64131 26.2742
4.71637 25.6205
5.34317 30.4999

5.15593 27.7093
5.78273 32.5888

5.15593 27.7093
5.78273 32.5888
1.47323 33.3036

5.15593 27.7093
5.78273 32.5888

5.78273 32.5888
5.84216 30.6696

5.84216 30.6696
2.59545 32.7718
3.22225 37.6513
1.77449 35.9611

1.77449 35.9611

1.77449 35.9611
1.75295 37.7339
0.710452 39.4145

1.77449 35.9611
2.4013 40.8406

2.4013 40.8406
3.0281 45.72

2.4013 40.8406

2.4013 40.8406

2.4013 40.8406

2.4013 40.8406
3.0281 45.72

2.4013 40.8406

2.4013 40.8406
3.0281 45.72
3.65491 50.5995
1.68457 52.709
4.07555 56.0674

3.0281 45.72

3.0281 45.72

3.0281 45.72

3.0281 45.72
4.63692 43.0527

3.0281 45.72

3.0281 45.72

3.0281 45.72

3.0281 45.72
3.65491 50.5995
4.36802 48.8608

3.0281 45.72

3.0281 45.72

3.0281 45.72
4.60464 42.7855

3.0281 45.72
2.83555 45.1398
3.32009 46.9453

2.83555 45.1398
4.80993 46.6088

2.83555 45.1398

2.83555 45.1398

2.83555 45.1398
0.204614 45.9122

0.204614 45.9122

0.204614 45.9122
0.767637 47.8306

0.767637 47.8306
2.26102 49.6697
3.13989 47.3065

0.767637 47.8306

0.767637 47.8306
1.39444 52.7101

1.39444 52.7101

1.39444 52.7101
2.02125 57.5896
0.271772 59.0476
2.60806 61.0735

0.271772 59.0476

0.271772 59.0476

0.271772 59.0476

0.271772 59.0476
-0.145988 59.1035

0.271772 59.0476
-0.399943 62.2056

0.271772 59.0476
0.898577 63.9271

0.898577 63.9271
1.52538 68.8066

1.52538 68.8066
2.15219 73.6861

1.52538 68.8066
-1.94663 67.9062
-2.1371 69.985

1.52538 68.8066

1.52538 68.8066
2.45185 66.9114
0.592899 68.2912
1.2197 73.1707

0.592899 68.2912

0.592899 68.2912
1.2197 73.1707

0.592899 68.2912

0.592899 68.2912

0.592899 68.2912

0.592899 68.2912

0.592899 68.2912

0.592899 68.2912
1.2197 73.1707
0.416697 70.9829

0.416697 70.9829
-3.1967 73.5302
-3.95486 75.7323
-6.3452 72.5671

-3.95486 75.7323

-3.95486 75.7323

-3.95486 75.7323

-3.95486 75.7323

-3.95486 75.7323
-0.620189 75.4676

-3.95486 75.7323

-3.95486 75.7323
-3.75526 78.8634
-3.12845 83.7429

-3.12845 83.7429

-3.12845 83.7429

-3.12845 83.7429
-7.83628 83.311

-3.12845 83.7429

-3.12845 83.7429

-3.12845 83.7429

-3.12845 83.7429
-2.50165 88.6223

-2.50165 88.6223

-2.50165 88.6223

-2.50165 88.6223
0.163942 90.701

-2.50165 88.6223

-2.50165 88.6223

-2.50165 88.6223

-2.50165 88.6223
-2.76734 92.4042

-2.76734 92.4042
-1.74397 91.7305
-1.11716 96.61
-2.5937 99.0137

-1.74397 91.7305
-2.21471 93.2025

-1.74397 91.7305

-1.74397 91.7305
0.379394 92.3988

-1.74397 91.7305
-4.72302 91.3267
-5.28361 89.6893

-1.74397 91.7305
-1.11716 96.61

-1.11716 96.61
-1.7539 92.6946

-1.7539 92.6946
-5.05563 93.6455
-4.42882 98.525
-1.2142 96.9716

-1.7539 92.6946
-4.75656 90.6785

-4.75656 90.6785
-4.12976 95.558

-4.12976 95.558

-4.12976 95.558

-4.12976 95.558

-4.12976 95.558
-5.13302 99.0566

-4.12976 95.558
-4.30011 97.8995
-3.67331 102.779

-4.30011 97.8995

-4.30011 97.8995

-4.30011 97.8995
-3.67331 102.779

-4.30011 97.8995
-3.67331 102.779
-4.33984 105.911
-4.51334 108.824

-3.67331 102.779
-6.58185 103.302

-6.58185 103.302

-6.58185 103.302
-5.95505 108.182

-3.67331 102.779

-3.67331 102.779
-3.60863 107.023

-3.67331 102.779

-3.67331 102.779

-3.67331 102.779

-3.67331 102.779
-2.04052 100.447

-3.67331 102.779
-2.75508 99.0933

-3.67331 102.779
-4.30792 99.2518

-4.30792 99.2518

-4.30792 99.2518
-0.856465 97.7842

-4.30792 99.2518
-3.68111 104.131

-4.30792 99.2518

-4.30792 99.2518

-4.30792 99.2518
-6.98367 101.001

-6.98367 101.001
-6.35686 105.881
-9.76786 104.995

-9.76786 104.995

-9.76786 104.995

-9.76786 104.995
-10.8641 103.456

-10.8641 103.456

-10.8641 103.456
-8.16449 101.302

-10.8641 103.456

-10.8641 103.456

-10.8641 103.456

-10.8641 103.456

-10.8641 103.456

-10.8641 103.456
-9.68095 109.299

-9.68095 109.299

-9.68095 109.299
-9.74101 108.019
-9.1142 112.898

-9.1142 112.898

-9.1142 112.898

-9.1142 112.898

-9.1142 112.898
-7.455 110.846

-7.455 110.846
-7.38763 114.415

-7.455 110.846

-7.455 110.846
-6.8282 115.725
-4.53666 116.724

-7.455 110.846

-7.455 110.846

-7.455 110.846
-6.8282 115.725

-7.455 110.846

-7.455 110.846

-7.455 110.846

-7.455 110.846
-8.89365 113.538
-8.26685 118.418
-6.16942 120.248

-7.455 110.846
-6.8282 115.725
-8.0123 117.806
-6.56932 119.399

-6.8282 115.725

-6.8282 115.725

-6.8282 115.725

-6.8282 115.725

-6.8282 115.725

-6.8282 115.725

-6.8282 115.725
-4.14236 116.734
-1.17736 118.309
-4.59225 118.621

-6.8282 115.725
-5.04855 118.336
-5.14506 115.933

-6.8282 115.725

-5.14506 115.933

-6.8282 115.725
-5.50443 112.546

-5.14506 115.933
-5.22808 113.564

-5.14506 115.933

-5.14506 115.933

-5.14506 115.933

-5.14506 115.933

-5.14506 115.933

-6.8282 115.725
-8.6394 114.224
-7.19336 117.654

-7.455 110.846

-4.30011 97.8995
-3.67331 102.779

-2.50165 88.6223

0.271772 59.0476

1.39444 52.7101
1.22318 49.644

2.4013 40.8406

2.80245 15.3398

4.16126 12.46
3.75889 12.9773

2.72384 13.5198

3.60756 16.6945

2.98076 11.815
6.12037 11.6428
10.1775 10.5647
9.45668 13.8947

2.35395 6.93554

2.35395 6.93554

1.72715 2.05606

0.626804 4.87949
1.25361 9.75897

