person(10000, 64, 100, 'notex', 0, 0, 'false', 0, [23, 100, 6017, 6018, 6039], []).
person(10001, 68, 100, 'notex', 0, 0, 'false', 0, [100, 6006, 6014, 6032, 6033], []).
person(10002, 60, 100, 'notex', 0, 0, 'false', 0, [19, 100, 6000, 6004, 6038, 6040], []).
person(10003, 63, 100, 'notex', 0, 0, 'false', 0, [22, 100, 6022, 6031], []).
person(10004, 60, 100, 'notex', 0, 0, 'false', 0, [21, 100, 6024, 6025, 6035], []).
person(10005, 70, 100, 'notex', 0, 0, 'false', 0, [100, 6002, 6011, 6016, 6028], []).
person(10006, 69, 100, 'notex', 0, 0, 'false', 0, [100, 6007, 6018], []).
person(10007, 36, 101, 'notex', 0, 0, 'false', 0, [14, 101, 6020, 6030, 6031, 6040], []).
person(10008, 39, 101, 'notex', 0, 0, 'false', 0, [21, 101, 6025, 6031], []).
person(10009, 2, 101, 'notex', 0, 0, 'false', 0, [5, 101, 6014, 6020, 6037], []).
person(10010, 3, 101, 'notex', 0, 0, 'false', 0, [4, 101, 6001, 6002, 6019], []).
person(10011, 42, 102, 'notex', 0, 0, 'false', 0, [14, 102, 6017, 6026], []).
person(10012, 58, 102, 'notex', 0, 0, 'false', 0, [14, 102, 6009, 6017, 6035], []).
person(10013, 17, 102, 'notex', 0, 0, 'false', 0, [1, 102, 6027], []).
person(10014, 38, 102, 'notex', 0, 0, 'false', 0, [21, 102, 6002, 6014, 6024], []).
person(10015, 21, 102, 'notex', 0, 0, 'false', 0, [16, 102, 6023, 6031], []).
person(10016, 47, 103, 'notex', 0, 0, 'false', 0, [15, 103, 6004, 6009], []).
person(10017, 41, 103, 'notex', 0, 0, 'false', 0, [20, 103, 6005, 6015, 6024, 6032], []).
person(10018, 53, 103, 'notex', 0, 0, 'false', 0, [12, 103, 6008, 6012], []).
person(10019, 9, 103, 'notex', 0, 0, 'false', 0, [5, 103, 6012, 6015, 6019], []).
person(10020, 1, 103, 'notex', 0, 0, 'false', 0, [6, 103, 6002, 6031], []).
person(10021, 63, 104, 'notex', 0, 0, 'false', 0, [19, 104, 6025, 6035, 6039], []).
person(10022, 64, 104, 'notex', 0, 0, 'false', 0, [13, 104, 6013, 6022, 6027, 6036], []).
person(10023, 32, 105, 'notex', 0, 0, 'false', 0, [20, 105, 6006, 6024], []).
person(10024, 28, 105, 'notex', 0, 0, 'false', 0, [18, 105, 6000, 6002, 6018], []).
person(10025, 15, 105, 'notex', 0, 0, 'false', 0, [1, 105, 6015, 6016], []).
person(10026, 13, 105, 'notex', 0, 0, 'false', 0, [3, 105, 6022, 6035, 6039], []).
person(10027, 43, 105, 'notex', 0, 0, 'false', 0, [21, 105, 6013, 6019, 6029, 6031], []).
person(10028, 9, 105, 'notex', 0, 0, 'false', 0, [10, 105, 6034, 6039], []).
person(10029, 59, 105, 'notex', 0, 0, 'false', 0, [21, 105, 6018, 6019, 6025], []).
person(10030, 26, 106, 'notex', 0, 0, 'false', 0, [13, 106, 6008, 6032], []).
person(10031, 1, 106, 'notex', 0, 0, 'false', 0, [5, 106, 6001, 6007, 6018], []).
person(10032, 51, 106, 'notex', 0, 0, 'false', 0, [22, 106, 6003, 6016, 6021], []).
person(10033, 51, 106, 'notex', 0, 0, 'false', 0, [14, 106, 6021, 6036], []).
person(10034, 12, 106, 'notex', 0, 0, 'false', 0, [2, 106, 6016, 6031], []).
person(10035, 46, 106, 'notex', 0, 0, 'false', 0, [19, 106, 6005, 6024], []).
person(10036, 27, 107, 'notex', 0, 0, 'false', 0, [21, 107, 6013, 6032, 6034], []).
person(10037, 11, 107, 'notex', 0, 0, 'false', 0, [8, 107, 6003, 6007, 6014, 6018], []).
person(10038, 46, 107, 'notex', 0, 0, 'false', 0, [21, 107, 6000, 6010, 6011], []).
person(10039, 40, 107, 'notex', 0, 0, 'false', 0, [17, 107, 6001, 6002, 6003, 6019], []).
person(10040, 15, 107, 'notex', 0, 0, 'false', 0, [1, 107, 6007, 6009], []).
person(10041, 17, 107, 'notex', 0, 0, 'false', 0, [1, 107, 6001, 6017, 6040], []).
person(10042, 36, 108, 'notex', 0, 0, 'false', 0, [13, 108, 6006, 6013, 6026], []).
person(10043, 23, 109, 'notex', 0, 0, 'false', 0, [18, 109, 6006, 6010, 6033], []).
person(10044, 24, 109, 'notex', 0, 0, 'false', 0, [17, 109, 6034, 6038], []).
person(10045, 37, 109, 'notex', 0, 0, 'false', 0, [19, 109, 6023, 6031], []).
person(10046, 26, 109, 'notex', 0, 0, 'false', 0, [13, 109, 6019, 6020, 6038], []).
person(10047, 36, 109, 'notex', 0, 0, 'false', 0, [17, 109, 6022, 6039], []).
person(10048, 44, 109, 'notex', 0, 0, 'false', 0, [13, 109, 6008, 6013, 6020], []).
person(10049, 54, 110, 'notex', 0, 0, 'false', 0, [17, 110, 6003, 6028, 6037], []).
person(10050, 58, 110, 'notex', 0, 0, 'false', 0, [15, 110, 6002, 6025], []).
person(10051, 35, 110, 'notex', 0, 0, 'false', 0, [22, 110, 6011, 6022, 6033, 6035], []).
person(10052, 42, 110, 'notex', 0, 0, 'false', 0, [13, 110, 6022, 6031], []).
person(10053, 41, 111, 'notex', 0, 0, 'false', 0, [16, 111, 6005, 6021, 6032], []).
person(10054, 42, 111, 'notex', 0, 0, 'false', 0, [16, 111, 6024, 6037], []).
person(10055, 33, 111, 'notex', 0, 0, 'false', 0, [17, 111, 6011, 6023], []).
person(10056, 48, 111, 'notex', 0, 0, 'false', 0, [21, 111, 6009, 6033], []).
person(10057, 19, 112, 'notex', 0, 0, 'false', 0, [22, 112, 6014, 6028, 6033, 6034], []).
person(10058, 45, 112, 'notex', 0, 0, 'false', 0, [17, 112, 6012, 6029, 6036], []).
person(10059, 80, 113, 'notex', 0, 0, 'false', 0, [113, 6022, 6029, 6037, 6039], []).
person(10060, 80, 113, 'notex', 0, 0, 'false', 0, [113, 6000, 6003, 6005, 6030], []).
person(10061, 48, 114, 'notex', 0, 0, 'false', 0, [15, 114, 6009, 6013, 6022, 6029], []).
person(10062, 20, 115, 'notex', 0, 0, 'false', 0, [15, 115, 6000, 6006, 6037, 6039], []).
person(10063, 17, 115, 'notex', 0, 0, 'false', 0, [1, 115, 6000, 6033], []).
person(10064, 30, 116, 'notex', 0, 0, 'false', 0, [20, 116, 6000, 6027, 6034], []).
person(10065, 27, 116, 'notex', 0, 0, 'false', 0, [14, 116, 6007, 6008, 6022, 6036], []).
person(10066, 28, 116, 'notex', 0, 0, 'false', 0, [15, 116, 6030, 6035], []).
person(10067, 13, 116, 'notex', 0, 0, 'false', 0, [2, 116, 6017, 6026, 6027, 6038], []).
person(10068, 37, 116, 'notex', 0, 0, 'false', 0, [12, 116, 6024, 6025, 6034], []).
person(10069, 21, 116, 'notex', 0, 0, 'false', 0, [18, 116, 6021, 6023, 6025, 6028], []).
person(10070, 49, 117, 'notex', 0, 0, 'false', 0, [16, 117, 6008, 6027, 6033], []).
person(10071, 53, 117, 'notex', 0, 0, 'false', 0, [17, 117, 6001, 6007], []).
person(10072, 30, 117, 'notex', 0, 0, 'false', 0, [23, 117, 6001, 6006, 6010, 6012], []).
person(10073, 26, 117, 'notex', 0, 0, 'false', 0, [15, 117, 6006, 6028], []).
person(10074, 60, 118, 'notex', 0, 0, 'false', 0, [12, 118, 6009, 6014, 6022], []).
person(10075, 62, 118, 'notex', 0, 0, 'false', 0, [17, 118, 6006, 6015], []).
person(10076, 61, 118, 'notex', 0, 0, 'false', 0, [23, 118, 6010, 6014], []).
person(10077, 65, 118, 'notex', 0, 0, 'false', 0, [118, 6010, 6013, 6016, 6019], []).
person(10078, 64, 118, 'notex', 0, 0, 'false', 0, [19, 118, 6020, 6023, 6034, 6036], []).
person(10079, 66, 118, 'notex', 0, 0, 'false', 0, [118, 6021, 6024], []).
person(10080, 64, 118, 'notex', 0, 0, 'false', 0, [20, 118, 6000, 6040], []).
person(10081, 24, 119, 'notex', 0, 0, 'false', 0, [15, 119, 6004, 6026], []).
person(10082, 30, 120, 'notex', 0, 0, 'false', 0, [17, 120, 6009, 6030], []).
person(10083, 47, 120, 'notex', 0, 0, 'false', 0, [12, 120, 6018, 6020, 6039], []).
person(10084, 19, 120, 'notex', 0, 0, 'false', 0, [17, 120, 6010, 6022, 6036, 6040], []).
person(10085, 38, 120, 'notex', 0, 0, 'false', 0, [13, 120, 6010, 6018, 6022], []).
person(10086, 44, 121, 'notex', 0, 0, 'false', 0, [22, 121, 6011, 6023, 6029], []).
person(10087, 41, 121, 'notex', 0, 0, 'false', 0, [21, 121, 6033, 6039], []).
person(10088, 8, 121, 'notex', 0, 0, 'false', 0, [4, 121, 6001, 6005, 6021, 6029], []).
person(10089, 33, 122, 'notex', 0, 0, 'false', 0, [20, 122, 6003, 6014], []).
person(10090, 39, 122, 'notex', 0, 0, 'false', 0, [22, 122, 6013, 6017, 6018, 6021], []).
person(10091, 24, 122, 'notex', 0, 0, 'false', 0, [18, 122, 6011, 6018, 6038], []).
person(10092, 45, 122, 'notex', 0, 0, 'false', 0, [13, 122, 6029, 6030], []).
person(10093, 36, 123, 'notex', 0, 0, 'false', 0, [20, 123, 6010, 6024], []).
person(10094, 40, 123, 'notex', 0, 0, 'false', 0, [13, 123, 6008, 6031, 6032, 6035], []).
person(10095, 21, 123, 'notex', 0, 0, 'false', 0, [21, 123, 6012, 6016, 6021], []).
person(10096, 36, 123, 'notex', 0, 0, 'false', 0, [18, 123, 6006, 6025, 6036], []).
person(10097, 54, 124, 'notex', 0, 0, 'false', 0, [23, 124, 6006, 6033, 6039], []).
person(10098, 49, 124, 'notex', 0, 0, 'false', 0, [23, 124, 6004, 6007, 6022, 6032], []).
person(10099, 2, 124, 'notex', 0, 0, 'false', 0, [6, 124, 6003, 6005, 6029], []).
person(10100, 2, 124, 'notex', 0, 0, 'false', 0, [4, 124, 6013, 6015, 6018, 6029], []).
person(10101, 37, 125, 'notex', 0, 0, 'false', 0, [14, 125, 6034, 6039], []).
person(10102, 3, 125, 'notex', 0, 0, 'false', 0, [10, 125, 6001, 6002, 6005, 6039], []).
person(10103, 7, 125, 'notex', 0, 0, 'false', 0, [6, 125, 6008, 6023], []).
person(10104, 33, 125, 'notex', 0, 0, 'false', 0, [15, 125, 6001, 6006, 6016, 6021], []).
person(10105, 43, 125, 'notex', 0, 0, 'false', 0, [18, 125, 6025, 6026, 6030, 6037], []).
person(10106, 27, 126, 'notex', 0, 0, 'false', 0, [19, 126, 6012, 6017], []).
person(10107, 54, 126, 'notex', 0, 0, 'false', 0, [20, 126, 6012, 6013, 6040], []).
person(10108, 30, 126, 'notex', 0, 0, 'false', 0, [23, 126, 6015, 6016, 6032, 6034], []).
person(10109, 38, 127, 'notex', 0, 0, 'false', 0, [19, 127, 6008, 6013, 6027], []).
person(10110, 51, 127, 'notex', 0, 0, 'false', 0, [13, 127, 6001, 6004, 6025], []).
person(10111, 2, 127, 'notex', 0, 0, 'false', 0, [6, 127, 6007, 6036], []).
person(10112, 20, 127, 'notex', 0, 0, 'false', 0, [16, 127, 6011, 6027, 6040], []).
person(10113, 23, 127, 'notex', 0, 0, 'false', 0, [17, 127, 6020, 6024], []).
person(10114, 45, 127, 'notex', 0, 0, 'false', 0, [17, 127, 6019, 6022], []).
person(10115, 54, 127, 'notex', 0, 0, 'false', 0, [16, 127, 6020, 6037], []).
person(10116, 27, 128, 'notex', 0, 0, 'false', 0, [17, 128, 6005, 6006, 6037], []).
person(10117, 19, 128, 'notex', 0, 0, 'false', 0, [21, 128, 6009, 6025], []).
person(10118, 32, 128, 'notex', 0, 0, 'false', 0, [23, 128, 6002, 6015], []).
person(10119, 24, 128, 'notex', 0, 0, 'false', 0, [15, 128, 6012, 6032, 6034], []).
person(10120, 16, 128, 'notex', 0, 0, 'false', 0, [1, 128, 6012, 6013, 6038], []).
person(10121, 30, 128, 'notex', 0, 0, 'false', 0, [14, 128, 6007, 6018, 6031], []).
person(10122, 25, 129, 'notex', 0, 0, 'false', 0, [18, 129, 6009, 6036], []).
person(10123, 34, 129, 'notex', 0, 0, 'false', 0, [22, 129, 6004, 6016, 6020, 6036], []).
person(10124, 37, 129, 'notex', 0, 0, 'false', 0, [21, 129, 6023, 6025], []).
person(10125, 32, 129, 'notex', 0, 0, 'false', 0, [21, 129, 6011, 6013, 6031], []).
person(10126, 82, 130, 'notex', 0, 0, 'false', 0, [130, 6008, 6017, 6019], []).
person(10127, 80, 130, 'notex', 0, 0, 'false', 0, [130, 6003, 6021, 6030], []).
person(10128, 80, 130, 'notex', 0, 0, 'false', 0, [130, 6008, 6014, 6032, 6039], []).
person(10129, 85, 130, 'notex', 0, 0, 'false', 0, [130, 6002, 6013, 6035], []).
person(10130, 85, 130, 'notex', 0, 0, 'false', 0, [130, 6005, 6006, 6032, 6038], []).
person(10131, 80, 130, 'notex', 0, 0, 'false', 0, [130, 6000, 6040], []).
person(10132, 19, 131, 'notex', 0, 0, 'false', 0, [16, 131, 6008, 6014, 6035], []).
person(10133, 20, 131, 'notex', 0, 0, 'false', 0, [19, 131, 6011, 6022, 6024, 6029], []).
person(10134, 40, 131, 'notex', 0, 0, 'false', 0, [19, 131, 6007, 6010, 6016, 6017], []).
person(10135, 48, 131, 'notex', 0, 0, 'false', 0, [17, 131, 6001, 6004], []).
person(10136, 28, 132, 'notex', 0, 0, 'false', 0, [20, 132, 6010, 6017, 6021, 6022], []).
person(10137, 20, 132, 'notex', 0, 0, 'false', 0, [21, 132, 6032, 6034], []).
person(10138, 3, 132, 'notex', 0, 0, 'false', 0, [4, 132, 6021, 6025, 6036, 6039], []).
person(10139, 58, 132, 'notex', 0, 0, 'false', 0, [13, 132, 6022, 6036], []).
person(10140, 24, 132, 'notex', 0, 0, 'false', 0, [15, 132, 6014, 6021, 6024, 6029], []).
person(10141, 24, 132, 'notex', 0, 0, 'false', 0, [21, 132, 6003, 6019, 6030], []).
person(10142, 59, 133, 'notex', 0, 0, 'false', 0, [16, 133, 6023, 6025, 6026], []).
person(10143, 26, 133, 'notex', 0, 0, 'false', 0, [15, 133, 6013, 6015, 6027, 6028], []).
person(10144, 60, 134, 'notex', 0, 0, 'false', 0, [23, 134, 6008, 6016, 6032, 6036], []).
person(10145, 60, 134, 'notex', 0, 0, 'false', 0, [17, 134, 6009, 6012, 6029], []).
person(10146, 60, 134, 'notex', 0, 0, 'false', 0, [13, 134, 6019, 6029, 6031], []).
person(10147, 65, 134, 'notex', 0, 0, 'false', 0, [134, 6000, 6020, 6027, 6032], []).
person(10148, 56, 135, 'notex', 0, 0, 'false', 0, [22, 135, 6003, 6012], []).
person(10149, 45, 135, 'notex', 0, 0, 'false', 0, [13, 135, 6013, 6024, 6027], []).
person(10150, 9, 135, 'notex', 0, 0, 'false', 0, [7, 135, 6002, 6029], []).
person(10151, 7, 135, 'notex', 0, 0, 'false', 0, [7, 135, 6023, 6026], []).
person(10152, 20, 135, 'notex', 0, 0, 'false', 0, [19, 135, 6006, 6007, 6016], []).
person(10153, 59, 135, 'notex', 0, 0, 'false', 0, [21, 135, 6010, 6020], []).
person(10154, 53, 136, 'notex', 0, 0, 'false', 0, [21, 136, 6014, 6026, 6034], []).
person(10155, 69, 137, 'notex', 0, 0, 'false', 0, [137, 6000, 6004, 6021, 6024], []).
person(10156, 65, 137, 'notex', 0, 0, 'false', 0, [137, 6011, 6016, 6026, 6040], []).
person(10157, 63, 137, 'notex', 0, 0, 'false', 0, [14, 137, 6002, 6008, 6016, 6017], []).
person(10158, 58, 138, 'notex', 0, 0, 'false', 0, [23, 138, 6032, 6040], []).
person(10159, 49, 138, 'notex', 0, 0, 'false', 0, [22, 138, 6031, 6035, 6039], []).
person(10160, 49, 138, 'notex', 0, 0, 'false', 0, [21, 138, 6011, 6040], []).
person(10161, 48, 138, 'notex', 0, 0, 'false', 0, [19, 138, 6004, 6009], []).
person(10162, 8, 138, 'notex', 0, 0, 'false', 0, [10, 138, 6002, 6021], []).
person(10163, 19, 138, 'notex', 0, 0, 'false', 0, [14, 138, 6031, 6032, 6035], []).
person(10164, 64, 139, 'notex', 0, 0, 'false', 0, [17, 139, 6002, 6007, 6012], []).
person(10165, 32, 140, 'notex', 0, 0, 'false', 0, [17, 140, 6029, 6037, 6038], []).
person(10166, 36, 140, 'notex', 0, 0, 'false', 0, [22, 140, 6009, 6018, 6023, 6038], []).
person(10167, 19, 141, 'notex', 0, 0, 'false', 0, [20, 141, 6004, 6016, 6037, 6040], []).
person(10168, 35, 141, 'notex', 0, 0, 'false', 0, [19, 141, 6000, 6008, 6016, 6021], []).
person(10169, 25, 142, 'notex', 0, 0, 'false', 0, [14, 142, 6014, 6016, 6021, 6029], []).
person(10170, 36, 142, 'notex', 0, 0, 'false', 0, [18, 142, 6004, 6007], []).
person(10171, 31, 142, 'notex', 0, 0, 'false', 0, [15, 142, 6006, 6025, 6031, 6036], []).
person(10172, 14, 142, 'notex', 0, 0, 'false', 0, [2, 142, 6008, 6013], []).
person(10173, 52, 142, 'notex', 0, 0, 'false', 0, [23, 142, 6012, 6016, 6028], []).
person(10174, 29, 143, 'notex', 0, 0, 'false', 0, [21, 143, 6014, 6019, 6031, 6034], []).
person(10175, 53, 143, 'notex', 0, 0, 'false', 0, [22, 143, 6026, 6033], []).
person(10176, 47, 143, 'notex', 0, 0, 'false', 0, [22, 143, 6005, 6023, 6035], []).
person(10177, 9, 143, 'notex', 0, 0, 'false', 0, [4, 143, 6004, 6006, 6007, 6012], []).
person(10178, 8, 143, 'notex', 0, 0, 'false', 0, [10, 143, 6017, 6020, 6026, 6027], []).
person(10179, 1, 143, 'notex', 0, 0, 'false', 0, [11, 143, 6002, 6028, 6034], []).
person(10180, 19, 144, 'notex', 0, 0, 'false', 0, [18, 144, 6006, 6028, 6032], []).
person(10181, 2, 144, 'notex', 0, 0, 'false', 0, [9, 144, 6018, 6032], []).
person(10182, 37, 144, 'notex', 0, 0, 'false', 0, [17, 144, 6004, 6021, 6028, 6032], []).
person(10183, 44, 144, 'notex', 0, 0, 'false', 0, [22, 144, 6002, 6028, 6030], []).
person(10184, 53, 145, 'notex', 0, 0, 'false', 0, [16, 145, 6005, 6033], []).
person(10185, 63, 146, 'notex', 0, 0, 'false', 0, [23, 146, 6025, 6036, 6038, 6039], []).
person(10186, 61, 146, 'notex', 0, 0, 'false', 0, [16, 146, 6007, 6014, 6040], []).
person(10187, 71, 146, 'notex', 0, 0, 'false', 0, [146, 6001, 6002, 6004, 6013], []).
person(10188, 67, 146, 'notex', 0, 0, 'false', 0, [146, 6014, 6024, 6027, 6039], []).
person(10189, 63, 146, 'notex', 0, 0, 'false', 0, [22, 146, 6014, 6021, 6025], []).
person(10190, 66, 146, 'notex', 0, 0, 'false', 0, [146, 6000, 6008, 6011], []).
person(10191, 25, 147, 'notex', 0, 0, 'false', 0, [22, 147, 6008, 6014, 6039], []).
person(10192, 56, 147, 'notex', 0, 0, 'false', 0, [14, 147, 6010, 6018, 6037], []).
person(10193, 4, 147, 'notex', 0, 0, 'false', 0, [7, 147, 6014, 6034], []).
person(10194, 34, 147, 'notex', 0, 0, 'false', 0, [15, 147, 6012, 6015, 6030, 6033], []).
person(10195, 27, 148, 'notex', 0, 0, 'false', 0, [15, 148, 6005, 6012, 6025], []).
person(10196, 27, 149, 'notex', 0, 0, 'false', 0, [21, 149, 6004, 6023, 6040], []).
person(10197, 43, 150, 'notex', 0, 0, 'false', 0, [15, 150, 6007, 6017], []).
person(10198, 29, 150, 'notex', 0, 0, 'false', 0, [22, 150, 6020, 6023, 6028, 6039], []).
person(10199, 12, 150, 'notex', 0, 0, 'false', 0, [2, 150, 6026, 6028], []).
person(10200, 33, 150, 'notex', 0, 0, 'false', 0, [23, 150, 6024, 6026, 6029], []).
person(10201, 33, 151, 'notex', 0, 0, 'false', 0, [17, 151, 6002, 6013, 6020, 6039], []).
person(10202, 31, 151, 'notex', 0, 0, 'false', 0, [19, 151, 6004, 6028, 6030], []).
person(10203, 11, 151, 'notex', 0, 0, 'false', 0, [8, 151, 6001, 6031, 6037, 6039], []).
person(10204, 17, 151, 'notex', 0, 0, 'false', 0, [1, 151, 6028, 6032, 6039, 6040], []).
person(10205, 21, 151, 'notex', 0, 0, 'false', 0, [18, 151, 6019, 6033], []).
person(10206, 27, 152, 'notex', 0, 0, 'false', 0, [20, 152, 6000, 6024, 6039], []).
person(10207, 42, 152, 'notex', 0, 0, 'false', 0, [20, 152, 6003, 6011, 6016, 6030], []).
person(10208, 48, 152, 'notex', 0, 0, 'false', 0, [23, 152, 6020, 6033, 6040], []).
person(10209, 4, 152, 'notex', 0, 0, 'false', 0, [6, 152, 6008, 6023, 6034], []).
person(10210, 36, 153, 'notex', 0, 0, 'false', 0, [23, 153, 6006, 6008, 6011, 6018], []).
person(10211, 54, 153, 'notex', 0, 0, 'false', 0, [19, 153, 6005, 6029, 6030, 6033], []).
person(10212, 23, 153, 'notex', 0, 0, 'false', 0, [17, 153, 6005, 6025, 6035, 6039], []).
person(10213, 54, 153, 'notex', 0, 0, 'false', 0, [19, 153, 6008, 6030], []).
person(10214, 45, 154, 'notex', 0, 0, 'false', 0, [18, 154, 6011, 6037], []).
person(10215, 46, 154, 'notex', 0, 0, 'false', 0, [14, 154, 6007, 6009], []).
person(10216, 52, 154, 'notex', 0, 0, 'false', 0, [23, 154, 6008, 6012, 6021, 6031], []).
person(10217, 29, 154, 'notex', 0, 0, 'false', 0, [21, 154, 6008, 6021, 6022, 6036], []).
person(10218, 6, 154, 'notex', 0, 0, 'false', 0, [9, 154, 6013, 6016, 6023, 6035], []).
person(10219, 44, 154, 'notex', 0, 0, 'false', 0, [21, 154, 6010, 6018, 6028], []).
person(10220, 14, 154, 'notex', 0, 0, 'false', 0, [2, 154, 6010, 6037], []).
person(10221, 70, 155, 'notex', 0, 0, 'false', 0, [155, 6013, 6026, 6027], []).
person(10222, 70, 155, 'notex', 0, 0, 'false', 0, [155, 6006, 6008, 6015, 6035], []).
person(10223, 67, 155, 'notex', 0, 0, 'false', 0, [155, 6012, 6026, 6040], []).
person(10224, 61, 155, 'notex', 0, 0, 'false', 0, [19, 155, 6001, 6017, 6033], []).
person(10225, 33, 156, 'notex', 0, 0, 'false', 0, [23, 156, 6025, 6030, 6033, 6038], []).
person(10226, 32, 156, 'notex', 0, 0, 'false', 0, [18, 156, 6023, 6031], []).
person(10227, 17, 156, 'notex', 0, 0, 'false', 0, [1, 156, 6016, 6022, 6034], []).
person(10228, 3, 156, 'notex', 0, 0, 'false', 0, [5, 156, 6017, 6024, 6039], []).
person(10229, 37, 156, 'notex', 0, 0, 'false', 0, [15, 156, 6004, 6020, 6021, 6034], []).
person(10230, 60, 157, 'notex', 0, 0, 'false', 0, [21, 157, 6021, 6023], []).
person(10231, 58, 158, 'notex', 0, 0, 'false', 0, [20, 158, 6000, 6014, 6031, 6037], []).
person(10232, 15, 158, 'notex', 0, 0, 'false', 0, [1, 158, 6002, 6013, 6022], []).
person(10233, 18, 159, 'notex', 0, 0, 'false', 0, [1, 159, 6010, 6026, 6030], []).
person(10234, 46, 159, 'notex', 0, 0, 'false', 0, [16, 159, 6013, 6018, 6038], []).
person(10235, 23, 159, 'notex', 0, 0, 'false', 0, [22, 159, 6021, 6026, 6029, 6037], []).
person(10236, 11, 159, 'notex', 0, 0, 'false', 0, [7, 159, 6017, 6019, 6024], []).
person(10237, 44, 159, 'notex', 0, 0, 'false', 0, [12, 159, 6004, 6020, 6027, 6033], []).
person(10238, 11, 159, 'notex', 0, 0, 'false', 0, [4, 159, 6002, 6008, 6009, 6037], []).
person(10239, 50, 159, 'notex', 0, 0, 'false', 0, [15, 159, 6019, 6025, 6033], []).
person(10240, 56, 160, 'notex', 0, 0, 'false', 0, [16, 160, 6012, 6029, 6033, 6040], []).
person(10241, 18, 160, 'notex', 0, 0, 'false', 0, [1, 160, 6016], []).
person(10242, 37, 160, 'notex', 0, 0, 'false', 0, [22, 160, 6008, 6032, 6033], []).
person(10243, 3, 160, 'notex', 0, 0, 'false', 0, [9, 160, 6020, 6032, 6033, 6037], []).
person(10244, 3, 160, 'notex', 0, 0, 'false', 0, [10, 160, 6008, 6014], []).
person(10245, 29, 161, 'notex', 0, 0, 'false', 0, [21, 161, 6017, 6025], []).
person(10246, 28, 161, 'notex', 0, 0, 'false', 0, [18, 161, 6006, 6022, 6029, 6037], []).
person(10247, 39, 161, 'notex', 0, 0, 'false', 0, [16, 161, 6023, 6034], []).
person(10248, 38, 161, 'notex', 0, 0, 'false', 0, [13, 161, 6012, 6018, 6023, 6029], []).
person(10249, 36, 161, 'notex', 0, 0, 'false', 0, [13, 161, 6014, 6039], []).
person(10250, 39, 161, 'notex', 0, 0, 'false', 0, [23, 161, 6015, 6030, 6035, 6037], []).
person(10251, 48, 162, 'notex', 0, 0, 'false', 0, [14, 162, 6017, 6029, 6040], []).
person(10252, 53, 162, 'notex', 0, 0, 'false', 0, [22, 162, 6003, 6014], []).
person(10253, 21, 162, 'notex', 0, 0, 'false', 0, [15, 162, 6003, 6011], []).
person(10254, 58, 162, 'notex', 0, 0, 'false', 0, [20, 162, 6023, 6038], []).
person(10255, 48, 162, 'notex', 0, 0, 'false', 0, [23, 162, 6010, 6012, 6014, 6024], []).
person(10256, 53, 162, 'notex', 0, 0, 'false', 0, [22, 162, 6003, 6008, 6012, 6031], []).
person(10257, 35, 163, 'notex', 0, 0, 'false', 0, [21, 163, 6011, 6016], []).
person(10258, 24, 163, 'notex', 0, 0, 'false', 0, [20, 163, 6022, 6028], []).
person(10259, 39, 164, 'notex', 0, 0, 'false', 0, [14, 164, 6000, 6008, 6038], []).
person(10260, 29, 164, 'notex', 0, 0, 'false', 0, [13, 164, 6011, 6024], []).
person(10261, 31, 164, 'notex', 0, 0, 'false', 0, [15, 164, 6021, 6026], []).
person(10262, 43, 164, 'notex', 0, 0, 'false', 0, [12, 164, 6015, 6036, 6040], []).
person(10263, 54, 164, 'notex', 0, 0, 'false', 0, [12, 164, 6004, 6014, 6037], []).
person(10264, 24, 164, 'notex', 0, 0, 'false', 0, [22, 164, 6007, 6034], []).
person(10265, 27, 164, 'notex', 0, 0, 'false', 0, [13, 164, 6024, 6035], []).
person(10266, 39, 165, 'notex', 0, 0, 'false', 0, [17, 165, 6014, 6032], []).
person(10267, 43, 165, 'notex', 0, 0, 'false', 0, [22, 165, 6007, 6014], []).
person(10268, 49, 165, 'notex', 0, 0, 'false', 0, [16, 165, 6004, 6009, 6031, 6039], []).
person(10269, 47, 166, 'notex', 0, 0, 'false', 0, [19, 166, 6014, 6021], []).
person(10270, 5, 166, 'notex', 0, 0, 'false', 0, [5, 166, 6003, 6019, 6027, 6031], []).
person(10271, 32, 166, 'notex', 0, 0, 'false', 0, [21, 166, 6014, 6015, 6024], []).
person(10272, 26, 166, 'notex', 0, 0, 'false', 0, [16, 166, 6009, 6018, 6025, 6032], []).
person(10273, 37, 166, 'notex', 0, 0, 'false', 0, [19, 166, 6003, 6007, 6013, 6026], []).
person(10274, 43, 166, 'notex', 0, 0, 'false', 0, [22, 166, 6014, 6026, 6029], []).
person(10275, 2, 166, 'notex', 0, 0, 'false', 0, [7, 166, 6006, 6015, 6031], []).
person(10276, 81, 167, 'notex', 0, 0, 'false', 0, [167, 6030, 6033], []).
person(10277, 32, 168, 'notex', 0, 0, 'false', 0, [21, 168, 6000, 6008, 6010, 6037], []).
person(10278, 37, 168, 'notex', 0, 0, 'false', 0, [17, 168, 6023, 6024], []).
person(10279, 47, 168, 'notex', 0, 0, 'false', 0, [17, 168, 6013, 6028, 6030, 6040], []).
person(10280, 4, 168, 'notex', 0, 0, 'false', 0, [6, 168, 6010, 6016, 6021, 6022], []).
person(10281, 61, 169, 'notex', 0, 0, 'false', 0, [19, 169, 6000, 6028, 6029], []).
person(10282, 62, 169, 'notex', 0, 0, 'false', 0, [18, 169, 6016, 6037], []).
person(10283, 57, 170, 'notex', 0, 0, 'false', 0, [20, 170, 6018, 6030], []).
person(10284, 48, 170, 'notex', 0, 0, 'false', 0, [15, 170, 6008, 6020], []).
person(10285, 28, 170, 'notex', 0, 0, 'false', 0, [21, 170, 6000, 6008], []).
person(10286, 12, 170, 'notex', 0, 0, 'false', 0, [3, 170, 6001, 6013, 6030, 6040], []).
person(10287, 27, 170, 'notex', 0, 0, 'false', 0, [22, 170, 6009, 6011, 6023, 6036], []).
person(10288, 34, 170, 'notex', 0, 0, 'false', 0, [22, 170, 6008, 6022, 6037, 6040], []).
person(10289, 42, 170, 'notex', 0, 0, 'false', 0, [23, 170, 6010, 6018], []).
person(10290, 30, 171, 'notex', 0, 0, 'false', 0, [15, 171, 6007, 6020, 6027], []).
person(10291, 56, 171, 'notex', 0, 0, 'false', 0, [14, 171, 6009, 6037], []).
person(10292, 62, 172, 'notex', 0, 0, 'false', 0, [12, 172, 6029, 6032], []).
person(10293, 44, 173, 'notex', 0, 0, 'false', 0, [16, 173, 6012, 6035], []).
person(10294, 7, 173, 'notex', 0, 0, 'false', 0, [9, 173, 6013, 6016, 6037], []).
person(10295, 1, 173, 'notex', 0, 0, 'false', 0, [5, 173, 6007, 6020, 6037], []).
person(10296, 6, 173, 'notex', 0, 0, 'false', 0, [4, 173, 6015, 6035], []).
person(10297, 3, 173, 'notex', 0, 0, 'false', 0, [9, 173, 6004, 6011, 6017, 6036], []).
person(10298, 56, 174, 'notex', 0, 0, 'false', 0, [23, 174, 6006, 6011, 6032], []).
person(10299, 52, 174, 'notex', 0, 0, 'false', 0, [17, 174, 6028, 6030, 6037], []).
person(10300, 3, 174, 'notex', 0, 0, 'false', 0, [11, 174, 6014, 6015, 6039], []).
person(10301, 39, 175, 'notex', 0, 0, 'false', 0, [13, 175, 6000, 6020, 6033], []).
person(10302, 18, 175, 'notex', 0, 0, 'false', 0, [1, 175, 6002, 6016], []).
person(10303, 55, 176, 'notex', 0, 0, 'false', 0, [17, 176, 6011, 6025], []).
person(10304, 53, 176, 'notex', 0, 0, 'false', 0, [13, 176, 6023, 6029, 6036], []).
person(10305, 38, 176, 'notex', 0, 0, 'false', 0, [20, 176, 6014, 6034], []).
person(10306, 6, 176, 'notex', 0, 0, 'false', 0, [8, 176, 6021, 6029], []).
person(10307, 19, 176, 'notex', 0, 0, 'false', 0, [22, 176, 6002, 6024], []).
person(10308, 56, 176, 'notex', 0, 0, 'false', 0, [15, 176, 6000, 6007, 6022], []).
person(10309, 59, 177, 'notex', 0, 0, 'false', 0, [17, 177, 6015, 6018, 6030], []).
person(10310, 18, 177, 'notex', 0, 0, 'false', 0, [1, 177, 6013, 6023, 6028], []).
person(10311, 41, 177, 'notex', 0, 0, 'false', 0, [20, 177, 6020, 6021, 6023, 6028], []).
person(10312, 58, 178, 'notex', 0, 0, 'false', 0, [12, 178, 6001, 6003, 6010, 6029], []).
person(10313, 42, 178, 'notex', 0, 0, 'false', 0, [20, 178, 6012, 6018, 6021, 6037], []).
person(10314, 52, 178, 'notex', 0, 0, 'false', 0, [12, 178, 6000, 6027], []).
person(10315, 44, 178, 'notex', 0, 0, 'false', 0, [19, 178, 6005, 6007, 6027], []).
person(10316, 46, 179, 'notex', 0, 0, 'false', 0, [13, 179, 6004, 6016, 6030], []).
person(10317, 57, 179, 'notex', 0, 0, 'false', 0, [15, 179, 6004, 6024, 6031, 6036], []).
person(10318, 40, 179, 'notex', 0, 0, 'false', 0, [13, 179, 6012, 6025, 6035], []).
person(10319, 22, 180, 'notex', 0, 0, 'false', 0, [21, 180, 6002, 6021, 6027], []).
person(10320, 14, 180, 'notex', 0, 0, 'false', 0, [3, 180, 6019, 6034], []).
person(10321, 40, 181, 'notex', 0, 0, 'false', 0, [20, 181, 6002, 6014, 6019], []).
person(10322, 41, 181, 'notex', 0, 0, 'false', 0, [16, 181, 6000, 6009, 6010], []).
person(10323, 30, 181, 'notex', 0, 0, 'false', 0, [17, 181, 6031, 6036], []).
person(10324, 53, 181, 'notex', 0, 0, 'false', 0, [15, 181, 6007, 6016, 6020], []).
person(10325, 12, 181, 'notex', 0, 0, 'false', 0, [3, 181, 6007, 6021, 6024, 6033], []).
person(10326, 37, 181, 'notex', 0, 0, 'false', 0, [12, 181, 6013, 6019, 6021, 6040], []).
person(10327, 58, 181, 'notex', 0, 0, 'false', 0, [17, 181, 6000, 6019, 6026, 6027], []).
person(10328, 30, 182, 'notex', 0, 0, 'false', 0, [15, 182, 6015, 6022, 6030, 6032], []).
person(10329, 50, 183, 'notex', 0, 0, 'false', 0, [19, 183, 6019, 6025, 6040], []).
person(10330, 40, 183, 'notex', 0, 0, 'false', 0, [14, 183, 6008, 6010, 6023, 6036], []).
person(10331, 45, 184, 'notex', 0, 0, 'false', 0, [16, 184, 6000, 6003, 6013, 6033], []).
person(10332, 31, 184, 'notex', 0, 0, 'false', 0, [13, 184, 6034, 6035], []).
person(10333, 29, 184, 'notex', 0, 0, 'false', 0, [20, 184, 6010, 6016, 6040], []).
person(10334, 48, 185, 'notex', 0, 0, 'false', 0, [23, 185, 6002, 6013, 6029], []).
person(10335, 45, 185, 'notex', 0, 0, 'false', 0, [21, 185, 6014, 6019, 6020, 6038], []).
person(10336, 31, 185, 'notex', 0, 0, 'false', 0, [16, 185, 6007, 6014, 6025], []).
person(10337, 26, 185, 'notex', 0, 0, 'false', 0, [22, 185, 6017, 6032, 6036], []).
person(10338, 11, 185, 'notex', 0, 0, 'false', 0, [6, 185, 6007, 6030], []).
person(10339, 1, 185, 'notex', 0, 0, 'false', 0, [10, 185, 6006, 6014], []).
person(10340, 39, 185, 'notex', 0, 0, 'false', 0, [19, 185, 6011, 6012], []).
person(10341, 60, 186, 'notex', 0, 0, 'false', 0, [19, 186, 6000, 6010, 6016], []).
person(10342, 63, 186, 'notex', 0, 0, 'false', 0, [22, 186, 6008, 6016, 6029, 6034], []).
person(10343, 60, 186, 'notex', 0, 0, 'false', 0, [21, 186, 6006, 6032], []).
person(10344, 43, 187, 'notex', 0, 0, 'false', 0, [18, 187, 6027, 6038], []).
person(10345, 3, 187, 'notex', 0, 0, 'false', 0, [8, 187, 6015, 6017, 6032, 6035], []).
person(10346, 59, 187, 'notex', 0, 0, 'false', 0, [23, 187, 6032, 6037], []).
person(10347, 12, 187, 'notex', 0, 0, 'false', 0, [2, 187, 6000, 6035], []).
person(10348, 39, 187, 'notex', 0, 0, 'false', 0, [12, 187, 6006, 6023], []).
person(10349, 35, 187, 'notex', 0, 0, 'false', 0, [14, 187, 6022, 6025], []).
person(10350, 60, 188, 'notex', 0, 0, 'false', 0, [20, 188, 6011, 6018, 6030], []).
person(10351, 67, 188, 'notex', 0, 0, 'false', 0, [188, 6017, 6025, 6034], []).
person(10352, 64, 188, 'notex', 0, 0, 'false', 0, [18, 188, 6009, 6010, 6029, 6034], []).
person(10353, 61, 188, 'notex', 0, 0, 'false', 0, [13, 188, 6011, 6026, 6036, 6039], []).
person(10354, 60, 188, 'notex', 0, 0, 'false', 0, [18, 188, 6003, 6011, 6017, 6022], []).
person(10355, 60, 188, 'notex', 0, 0, 'false', 0, [19, 188, 6002, 6028, 6029, 6040], []).
person(10356, 61, 188, 'notex', 0, 0, 'false', 0, [14, 188, 6003, 6004, 6031, 6036], []).
person(10357, 30, 189, 'notex', 0, 0, 'false', 0, [14, 189, 6010, 6012, 6021, 6023], []).
person(10358, 24, 189, 'notex', 0, 0, 'false', 0, [18, 189, 6017, 6031, 6036, 6039], []).
person(10359, 15, 189, 'notex', 0, 0, 'false', 0, [1, 189, 6030, 6031], []).
person(10360, 53, 189, 'notex', 0, 0, 'false', 0, [13, 189, 6003, 6016, 6036], []).
person(10361, 51, 190, 'notex', 0, 0, 'false', 0, [23, 190, 6003, 6022, 6035], []).
person(10362, 54, 190, 'notex', 0, 0, 'false', 0, [20, 190, 6007, 6027, 6039], []).
person(10363, 22, 191, 'notex', 0, 0, 'false', 0, [23, 191, 6016, 6023, 6034], []).
person(10364, 83, 192, 'notex', 0, 0, 'false', 0, [192, 6007, 6012, 6038], []).
person(10365, 82, 192, 'notex', 0, 0, 'false', 0, [192, 6003, 6014, 6039], []).
person(10366, 81, 192, 'notex', 0, 0, 'false', 0, [192, 6017, 6032, 6040], []).
person(10367, 81, 192, 'notex', 0, 0, 'false', 0, [192, 6010, 6017, 6018], []).
person(10368, 80, 192, 'notex', 0, 0, 'false', 0, [192, 6005, 6018, 6027], []).
person(10369, 55, 193, 'notex', 0, 0, 'false', 0, [21, 193, 6014, 6035], []).
person(10370, 44, 193, 'notex', 0, 0, 'false', 0, [21, 193, 6010, 6032], []).
person(10371, 14, 193, 'notex', 0, 0, 'false', 0, [3, 193, 6005, 6010, 6025], []).
person(10372, 59, 193, 'notex', 0, 0, 'false', 0, [16, 193, 6018, 6026], []).
person(10373, 28, 193, 'notex', 0, 0, 'false', 0, [19, 193, 6000, 6019, 6021], []).
person(10374, 44, 194, 'notex', 0, 0, 'false', 0, [18, 194, 6011, 6039], []).
person(10375, 48, 194, 'notex', 0, 0, 'false', 0, [13, 194, 6002, 6003, 6010, 6037], []).
person(10376, 16, 194, 'notex', 0, 0, 'false', 0, [1, 194, 6013, 6014, 6029], []).
person(10377, 1, 194, 'notex', 0, 0, 'false', 0, [9, 194, 6030, 6037], []).
person(10378, 29, 195, 'notex', 0, 0, 'false', 0, [12, 195, 6001, 6021, 6022], []).
person(10379, 8, 195, 'notex', 0, 0, 'false', 0, [11, 195, 6018, 6028], []).
person(10380, 39, 195, 'notex', 0, 0, 'false', 0, [21, 195, 6005], []).
person(10381, 46, 195, 'notex', 0, 0, 'false', 0, [16, 195, 6001, 6012, 6024, 6031], []).
person(10382, 6, 195, 'notex', 0, 0, 'false', 0, [9, 195, 6016, 6019, 6031, 6040], []).
person(10383, 3, 195, 'notex', 0, 0, 'false', 0, [7, 195, 6010, 6020, 6025], []).
person(10384, 25, 195, 'notex', 0, 0, 'false', 0, [21, 195, 6003, 6022, 6031, 6035], []).
person(10385, 25, 196, 'notex', 0, 0, 'false', 0, [16, 196, 6008, 6032, 6039], []).
person(10386, 51, 196, 'notex', 0, 0, 'false', 0, [17, 196, 6016, 6035], []).
person(10387, 23, 196, 'notex', 0, 0, 'false', 0, [12, 196, 6010, 6013, 6020, 6039], []).
person(10388, 17, 196, 'notex', 0, 0, 'false', 0, [1, 196, 6001, 6003, 6007, 6031], []).
person(10389, 39, 196, 'notex', 0, 0, 'false', 0, [19, 196, 6019, 6021, 6037], []).
person(10390, 50, 196, 'notex', 0, 0, 'false', 0, [19, 196, 6000, 6004, 6006, 6031], []).
person(10391, 61, 197, 'notex', 0, 0, 'false', 0, [22, 197, 6003, 6027], []).
person(10392, 61, 197, 'notex', 0, 0, 'false', 0, [15, 197, 6009, 6015], []).
person(10393, 61, 197, 'notex', 0, 0, 'false', 0, [18, 197, 6001, 6013, 6020, 6034], []).
person(10394, 41, 198, 'notex', 0, 0, 'false', 0, [12, 198, 6014, 6029, 6040], []).
person(10395, 43, 199, 'notex', 0, 0, 'false', 0, [19, 199, 6015, 6019, 6034, 6036], []).
person(10396, 7, 199, 'notex', 0, 0, 'false', 0, [9, 199, 6019, 6025, 6027], []).
person(10397, 41, 199, 'notex', 0, 0, 'false', 0, [22, 199, 6017, 6019, 6034, 6037], []).
person(10398, 32, 200, 'notex', 0, 0, 'false', 0, [23, 200, 6004, 6033], []).
person(10399, 44, 201, 'notex', 0, 0, 'false', 0, [15, 201, 6007, 6011, 6034], []).
person(10400, 2, 201, 'notex', 0, 0, 'false', 0, [4, 201, 6011, 6034], []).
person(10401, 39, 201, 'notex', 0, 0, 'false', 0, [19, 201, 6009, 6022], []).
person(10402, 14, 201, 'notex', 0, 0, 'false', 0, [2, 201, 6011, 6028, 6040], []).
person(10403, 21, 201, 'notex', 0, 0, 'false', 0, [13, 201, 6000, 6010, 6032], []).
person(10404, 35, 202, 'notex', 0, 0, 'false', 0, [13, 202, 6004, 6030], []).
person(10405, 12, 202, 'notex', 0, 0, 'false', 0, [3, 202, 6009, 6011, 6016, 6017], []).
person(10406, 30, 203, 'notex', 0, 0, 'false', 0, [20, 203, 6003, 6005, 6007, 6034], []).
person(10407, 27, 203, 'notex', 0, 0, 'false', 0, [19, 203, 6017, 6023], []).
person(10408, 16, 203, 'notex', 0, 0, 'false', 0, [1, 203, 6005, 6037], []).
person(10409, 30, 203, 'notex', 0, 0, 'false', 0, [12, 203, 6003, 6012], []).
person(10410, 47, 204, 'notex', 0, 0, 'false', 0, [17, 204, 6020, 6036, 6039], []).
person(10411, 59, 205, 'notex', 0, 0, 'false', 0, [23, 205, 6022, 6030], []).
person(10412, 22, 205, 'notex', 0, 0, 'false', 0, [15, 205, 6018, 6020], []).
person(10413, 1, 205, 'notex', 0, 0, 'false', 0, [6, 205, 6004, 6024, 6026, 6037], []).
person(10414, 69, 206, 'notex', 0, 0, 'false', 0, [206, 6016, 6017, 6024], []).
person(10415, 62, 206, 'notex', 0, 0, 'false', 0, [14, 206, 6016, 6034, 6037], []).
person(10416, 41, 207, 'notex', 0, 0, 'false', 0, [13, 207, 6002, 6004, 6030, 6035], []).
person(10417, 37, 208, 'notex', 0, 0, 'false', 0, [15, 208, 6000, 6008, 6023, 6027], []).
person(10418, 17, 208, 'notex', 0, 0, 'false', 0, [1, 208, 6002, 6018, 6038], []).
person(10419, 34, 208, 'notex', 0, 0, 'false', 0, [18, 208, 6020, 6037, 6038, 6039], []).
person(10420, 51, 208, 'notex', 0, 0, 'false', 0, [14, 208, 6009, 6012], []).
person(10421, 56, 208, 'notex', 0, 0, 'false', 0, [13, 208, 6016, 6018, 6019, 6031], []).
person(10422, 15, 208, 'notex', 0, 0, 'false', 0, [1, 208, 6028, 6029, 6033], []).
person(10423, 56, 209, 'notex', 0, 0, 'false', 0, [12, 209, 6014, 6018, 6040], []).
person(10424, 44, 209, 'notex', 0, 0, 'false', 0, [21, 209, 6000, 6032], []).
person(10425, 15, 209, 'notex', 0, 0, 'false', 0, [1, 209, 6023, 6038], []).
person(10426, 9, 209, 'notex', 0, 0, 'false', 0, [6, 209, 6000, 6010, 6019], []).
person(10427, 18, 210, 'notex', 0, 0, 'false', 0, [1, 210, 6012, 6019, 6031], []).
person(10428, 32, 211, 'notex', 0, 0, 'false', 0, [21, 211, 6004, 6012, 6034], []).
person(10429, 19, 211, 'notex', 0, 0, 'false', 0, [13, 211, 6008, 6019, 6024], []).
person(10430, 6, 211, 'notex', 0, 0, 'false', 0, [5, 211, 6005, 6035], []).
person(10431, 44, 211, 'notex', 0, 0, 'false', 0, [19, 211, 6004, 6022, 6025], []).
person(10432, 24, 211, 'notex', 0, 0, 'false', 0, [21, 211, 6017, 6038], []).
person(10433, 27, 211, 'notex', 0, 0, 'false', 0, [13, 211, 6002, 6015, 6022], []).
person(10434, 32, 212, 'notex', 0, 0, 'false', 0, [13, 212, 6006, 6017, 6020], []).
person(10435, 19, 212, 'notex', 0, 0, 'false', 0, [20, 212, 6002, 6028], []).
person(10436, 49, 212, 'notex', 0, 0, 'false', 0, [13, 212, 6017, 6037, 6039], []).
person(10437, 45, 213, 'notex', 0, 0, 'false', 0, [17, 213, 6003, 6019], []).
person(10438, 40, 213, 'notex', 0, 0, 'false', 0, [18, 213, 6016, 6024, 6025, 6035], []).
person(10439, 17, 213, 'notex', 0, 0, 'false', 0, [1, 213, 6007, 6026, 6036], []).
person(10440, 63, 214, 'notex', 0, 0, 'false', 0, [15, 214, 6013, 6017, 6034], []).
person(10441, 61, 214, 'notex', 0, 0, 'false', 0, [15, 214, 6006, 6008, 6014], []).
person(10442, 66, 214, 'notex', 0, 0, 'false', 0, [214, 6009, 6020, 6021, 6026], []).
person(10443, 63, 214, 'notex', 0, 0, 'false', 0, [20, 214, 6000, 6029, 6036], []).
person(10444, 62, 214, 'notex', 0, 0, 'false', 0, [20, 214, 6000, 6007, 6028, 6030], []).
person(10445, 68, 214, 'notex', 0, 0, 'false', 0, [214, 6005, 6011, 6014, 6031], []).
person(10446, 21, 215, 'notex', 0, 0, 'false', 0, [15, 215, 6016, 6023, 6035], []).
person(10447, 1, 215, 'notex', 0, 0, 'false', 0, [4, 215, 6004, 6009, 6035], []).
person(10448, 33, 215, 'notex', 0, 0, 'false', 0, [13, 215, 6015, 6027], []).
person(10449, 24, 215, 'notex', 0, 0, 'false', 0, [16, 215, 6001, 6015, 6016, 6024], []).
person(10450, 50, 216, 'notex', 0, 0, 'false', 0, [14, 216, 6023, 6032], []).
person(10451, 29, 216, 'notex', 0, 0, 'false', 0, [16, 216, 6017, 6040], []).
person(10452, 41, 216, 'notex', 0, 0, 'false', 0, [18, 216, 6006, 6028, 6033, 6040], []).
person(10453, 8, 216, 'notex', 0, 0, 'false', 0, [4, 216, 6020, 6027], []).
person(10454, 20, 216, 'notex', 0, 0, 'false', 0, [14, 216, 6007, 6012, 6025, 6032], []).
person(10455, 51, 216, 'notex', 0, 0, 'false', 0, [22, 216, 6014, 6023], []).
person(10456, 28, 216, 'notex', 0, 0, 'false', 0, [16, 216, 6008, 6016, 6025], []).
person(10457, 58, 217, 'notex', 0, 0, 'false', 0, [20, 217, 6008, 6014], []).
person(10458, 38, 217, 'notex', 0, 0, 'false', 0, [16, 217, 6019, 6022, 6024], []).
person(10459, 22, 217, 'notex', 0, 0, 'false', 0, [22, 217, 6015, 6028], []).
person(10460, 58, 217, 'notex', 0, 0, 'false', 0, [22, 217, 6005, 6019, 6034], []).
person(10461, 49, 217, 'notex', 0, 0, 'false', 0, [18, 217, 6031, 6032, 6039], []).
person(10462, 26, 218, 'notex', 0, 0, 'false', 0, [20, 218, 6017, 6026, 6034, 6036], []).
person(10463, 35, 218, 'notex', 0, 0, 'false', 0, [18, 218, 6000, 6001, 6014], []).
person(10464, 2, 218, 'notex', 0, 0, 'false', 0, [11, 218, 6016, 6037], []).
person(10465, 7, 218, 'notex', 0, 0, 'false', 0, [5, 218, 6002, 6015, 6031], []).
person(10466, 38, 218, 'notex', 0, 0, 'false', 0, [18, 218, 6000, 6011, 6021, 6030], []).
person(10467, 3, 218, 'notex', 0, 0, 'false', 0, [11, 218, 6007, 6012], []).
person(10468, 42, 219, 'notex', 0, 0, 'false', 0, [21, 219, 6006, 6017, 6023, 6031], []).
person(10469, 47, 219, 'notex', 0, 0, 'false', 0, [17, 219, 6006, 6014, 6033], []).
person(10470, 47, 219, 'notex', 0, 0, 'false', 0, [15, 219, 6001, 6012, 6031, 6035], []).
person(10471, 11, 219, 'notex', 0, 0, 'false', 0, [4, 219, 6025, 6032, 6036], []).
person(10472, 39, 220, 'notex', 0, 0, 'false', 0, [15, 220, 6017, 6019], []).
person(10473, 25, 220, 'notex', 0, 0, 'false', 0, [23, 220, 6007, 6014], []).
person(10474, 35, 220, 'notex', 0, 0, 'false', 0, [18, 220, 6017, 6028], []).
person(10475, 22, 220, 'notex', 0, 0, 'false', 0, [21, 220, 6003, 6016, 6017], []).
person(10476, 7, 220, 'notex', 0, 0, 'false', 0, [7, 220, 6012, 6040], []).
person(10477, 13, 220, 'notex', 0, 0, 'false', 0, [3, 220, 6010, 6028, 6032, 6040], []).
person(10478, 47, 220, 'notex', 0, 0, 'false', 0, [23, 220, 6040], []).
person(10479, 40, 221, 'notex', 0, 0, 'false', 0, [20, 221, 6001, 6007, 6008], []).
person(10480, 29, 221, 'notex', 0, 0, 'false', 0, [15, 221, 6001, 6033], []).
person(10481, 2, 221, 'notex', 0, 0, 'false', 0, [7, 221, 6003, 6015, 6026], []).
person(10482, 7, 221, 'notex', 0, 0, 'false', 0, [4, 221, 6001, 6002, 6031, 6032], []).
person(10483, 27, 221, 'notex', 0, 0, 'false', 0, [21, 221, 6010, 6031, 6035], []).
person(10484, 11, 221, 'notex', 0, 0, 'false', 0, [7, 221, 6008, 6028], []).
person(10485, 39, 222, 'notex', 0, 0, 'false', 0, [12, 222, 6000, 6014, 6015, 6037], []).
person(10486, 83, 223, 'notex', 0, 0, 'false', 0, [223, 6003, 6028, 6029], []).
person(10487, 80, 223, 'notex', 0, 0, 'false', 0, [223, 6004, 6019, 6021, 6030], []).
person(10488, 86, 223, 'notex', 0, 0, 'false', 0, [223, 6025, 6039], []).
person(10489, 80, 223, 'notex', 0, 0, 'false', 0, [223, 6014, 6033], []).
person(10490, 43, 224, 'notex', 0, 0, 'false', 0, [14, 224, 6012, 6024, 6034], []).
person(10491, 92, 225, 'notex', 0, 0, 'false', 0, [225, 6007, 6029, 6035], []).
person(10492, 91, 225, 'notex', 0, 0, 'false', 0, [225, 6011, 6034, 6037], []).
person(10493, 90, 225, 'notex', 0, 0, 'false', 0, [225, 6032, 6039], []).
person(10494, 92, 225, 'notex', 0, 0, 'false', 0, [225, 6006, 6014, 6038], []).
person(10495, 90, 225, 'notex', 0, 0, 'false', 0, [225, 6008, 6040], []).
person(10496, 46, 226, 'notex', 0, 0, 'false', 0, [14, 226, 6020, 6023, 6034], []).
person(10497, 30, 226, 'notex', 0, 0, 'false', 0, [23, 226, 6006, 6029, 6038], []).
person(10498, 54, 227, 'notex', 0, 0, 'false', 0, [13, 227, 6000, 6007, 6026], []).
person(10499, 43, 227, 'notex', 0, 0, 'false', 0, [21, 227, 6017, 6019, 6032], []).
