person(10000, 57, 100, 'notex', 0, 0, 'false', 0, [20, 100, 6004, 6005, 6015], []).
person(10001, 28, 100, 'notex', 0, 0, 'false', 0, [22, 100, 6007, 6015], []).
person(10002, 26, 100, 'notex', 0, 0, 'false', 0, [21, 100, 6003, 6017, 6025, 6038], []).
person(10003, 42, 100, 'notex', 0, 0, 'false', 0, [19, 100, 6014, 6023, 6033, 6037], []).
person(10004, 33, 100, 'notex', 0, 0, 'false', 0, [22, 100, 6032, 6038], []).
person(10005, 9, 100, 'notex', 0, 0, 'false', 0, [7, 100, 6008, 6012], []).
person(10006, 22, 100, 'notex', 0, 0, 'false', 0, [14, 100, 6006, 6036, 6037], []).
person(10007, 50, 101, 'notex', 0, 0, 'false', 0, [16, 101, 6002, 6019, 6029], []).
person(10008, 38, 101, 'notex', 0, 0, 'false', 0, [14, 101, 6025, 6031], []).
person(10009, 43, 101, 'notex', 0, 0, 'false', 0, [16, 101, 6006, 6023, 6031], []).
person(10010, 46, 101, 'notex', 0, 0, 'false', 0, [13, 101, 6004, 6006, 6034, 6039], []).
person(10011, 30, 101, 'notex', 0, 0, 'false', 0, [23, 101, 6014, 6025, 6040], []).
person(10012, 15, 101, 'notex', 0, 0, 'false', 0, [1, 101, 6003, 6008, 6009], []).
person(10013, 45, 102, 'notex', 0, 0, 'false', 0, [23, 102, 6023, 6040], []).
person(10014, 30, 102, 'notex', 0, 0, 'false', 0, [22, 102, 6005, 6009, 6018, 6022], []).
person(10015, 46, 102, 'notex', 0, 0, 'false', 0, [17, 102, 6010, 6011], []).
person(10016, 19, 102, 'notex', 0, 0, 'false', 0, [23, 102, 6002, 6010, 6032, 6035], []).
person(10017, 7, 102, 'notex', 0, 0, 'false', 0, [10, 102, 6005, 6008], []).
person(10018, 31, 103, 'notex', 0, 0, 'false', 0, [22, 103, 6029, 6034], []).
person(10019, 48, 103, 'notex', 0, 0, 'false', 0, [22, 103, 6000, 6038], []).
person(10020, 54, 103, 'notex', 0, 0, 'false', 0, [22, 103, 6024, 6030], []).
person(10021, 34, 103, 'notex', 0, 0, 'false', 0, [16, 103, 6007, 6015, 6028, 6038], []).
person(10022, 47, 103, 'notex', 0, 0, 'false', 0, [15, 103, 6012, 6037], []).
person(10023, 52, 103, 'notex', 0, 0, 'false', 0, [21, 103, 6004, 6022, 6026, 6038], []).
person(10024, 28, 104, 'notex', 0, 0, 'false', 0, [15, 104, 6018, 6020], []).
person(10025, 13, 104, 'notex', 0, 0, 'false', 0, [2, 104, 6006, 6017, 6037, 6038], []).
person(10026, 9, 104, 'notex', 0, 0, 'false', 0, [11, 104, 6002, 6009, 6027], []).
person(10027, 55, 104, 'notex', 0, 0, 'false', 0, [17, 104, 6005, 6019, 6034], []).
person(10028, 12, 104, 'notex', 0, 0, 'false', 0, [3, 104, 6016, 6017], []).
person(10029, 35, 104, 'notex', 0, 0, 'false', 0, [17, 104, 6011, 6012, 6019], []).
person(10030, 27, 104, 'notex', 0, 0, 'false', 0, [14, 104, 6022, 6027, 6035, 6036], []).
person(10031, 47, 105, 'notex', 0, 0, 'false', 0, [19, 105, 6019, 6022], []).
person(10032, 17, 105, 'notex', 0, 0, 'false', 0, [1, 105, 6006, 6015, 6019, 6029], []).
person(10033, 30, 105, 'notex', 0, 0, 'false', 0, [21, 105, 6016, 6035], []).
person(10034, 44, 105, 'notex', 0, 0, 'false', 0, [13, 105, 6007, 6017, 6019, 6035], []).
person(10035, 84, 106, 'notex', 0, 0, 'false', 0, [106, 6013, 6029, 6036], []).
person(10036, 80, 106, 'notex', 0, 0, 'false', 0, [106, 6015, 6027, 6040], []).
person(10037, 72, 107, 'notex', 0, 0, 'false', 0, [107, 6013, 6020, 6024], []).
person(10038, 60, 107, 'notex', 0, 0, 'false', 0, [20, 107, 6032, 6035, 6040], []).
person(10039, 64, 107, 'notex', 0, 0, 'false', 0, [14, 107, 6029, 6035], []).
person(10040, 64, 107, 'notex', 0, 0, 'false', 0, [21, 107, 6003, 6034, 6037, 6039], []).
person(10041, 61, 107, 'notex', 0, 0, 'false', 0, [21, 107, 6018, 6039], []).
person(10042, 62, 107, 'notex', 0, 0, 'false', 0, [16, 107, 6005, 6020, 6037], []).
person(10043, 61, 107, 'notex', 0, 0, 'false', 0, [20, 107, 6027, 6031, 6039], []).
person(10044, 40, 108, 'notex', 0, 0, 'false', 0, [20, 108, 6001, 6015, 6035], []).
person(10045, 19, 108, 'notex', 0, 0, 'false', 0, [16, 108, 6005, 6011, 6018], []).
person(10046, 26, 108, 'notex', 0, 0, 'false', 0, [20, 108, 6009, 6026], []).
person(10047, 34, 108, 'notex', 0, 0, 'false', 0, [20, 108, 6007, 6012, 6014], []).
person(10048, 25, 108, 'notex', 0, 0, 'false', 0, [15, 108, 6022, 6023, 6035], []).
person(10049, 4, 108, 'notex', 0, 0, 'false', 0, [4, 108, 6023, 6032], []).
person(10050, 48, 109, 'notex', 0, 0, 'false', 0, [18, 109, 6023, 6024, 6034, 6040], []).
person(10051, 12, 109, 'notex', 0, 0, 'false', 0, [2, 109, 6002, 6018, 6033], []).
person(10052, 9, 109, 'notex', 0, 0, 'false', 0, [10, 109, 6003, 6012, 6037, 6039], []).
person(10053, 1, 109, 'notex', 0, 0, 'false', 0, [11, 109, 6025, 6028, 6032], []).
person(10054, 41, 109, 'notex', 0, 0, 'false', 0, [21, 109, 6012, 6024, 6027, 6034], []).
person(10055, 13, 109, 'notex', 0, 0, 'false', 0, [2, 109, 6009, 6020, 6031], []).
person(10056, 61, 110, 'notex', 0, 0, 'false', 0, [23, 110, 6009, 6017, 6024], []).
person(10057, 60, 110, 'notex', 0, 0, 'false', 0, [17, 110, 6026, 6030, 6037, 6039], []).
person(10058, 60, 110, 'notex', 0, 0, 'false', 0, [18, 110, 6004, 6027], []).
person(10059, 61, 110, 'notex', 0, 0, 'false', 0, [19, 110, 6004, 6011, 6014, 6026], []).
person(10060, 64, 110, 'notex', 0, 0, 'false', 0, [18, 110, 6018, 6028], []).
person(10061, 42, 111, 'notex', 0, 0, 'false', 0, [19, 111, 6001, 6002], []).
person(10062, 46, 111, 'notex', 0, 0, 'false', 0, [16, 111, 6006, 6012, 6026], []).
person(10063, 27, 112, 'notex', 0, 0, 'false', 0, [13, 112, 6015, 6034], []).
person(10064, 24, 112, 'notex', 0, 0, 'false', 0, [21, 112, 6000, 6005], []).
person(10065, 51, 113, 'notex', 0, 0, 'false', 0, [23, 113, 6001, 6003, 6036], []).
person(10066, 26, 113, 'notex', 0, 0, 'false', 0, [20, 113, 6013, 6020], []).
person(10067, 59, 113, 'notex', 0, 0, 'false', 0, [20, 113, 6006, 6020], []).
person(10068, 43, 113, 'notex', 0, 0, 'false', 0, [14, 113, 6018, 6026, 6027, 6038], []).
person(10069, 36, 113, 'notex', 0, 0, 'false', 0, [13, 113, 6019, 6027, 6031, 6035], []).
person(10070, 53, 113, 'notex', 0, 0, 'false', 0, [19, 113, 6016, 6029, 6040], []).
person(10071, 31, 114, 'notex', 0, 0, 'false', 0, [19, 114, 6018, 6037], []).
person(10072, 47, 115, 'notex', 0, 0, 'false', 0, [15, 115, 6012, 6035], []).
person(10073, 24, 115, 'notex', 0, 0, 'false', 0, [18, 115, 6010, 6016], []).
person(10074, 54, 115, 'notex', 0, 0, 'false', 0, [15, 115, 6008, 6013], []).
person(10075, 23, 115, 'notex', 0, 0, 'false', 0, [14, 115, 6024, 6030, 6035], []).
person(10076, 35, 115, 'notex', 0, 0, 'false', 0, [14, 115, 6012, 6025], []).
person(10077, 22, 115, 'notex', 0, 0, 'false', 0, [19, 115, 6028, 6036], []).
person(10078, 41, 115, 'notex', 0, 0, 'false', 0, [23, 115, 6011, 6040], []).
person(10079, 66, 116, 'notex', 0, 0, 'false', 0, [116, 6030, 6036], []).
person(10080, 60, 116, 'notex', 0, 0, 'false', 0, [20, 116, 6001, 6029, 6030], []).
person(10081, 44, 117, 'notex', 0, 0, 'false', 0, [22, 117, 6010, 6021], []).
person(10082, 4, 117, 'notex', 0, 0, 'false', 0, [9, 117, 6001, 6003, 6029], []).
person(10083, 44, 117, 'notex', 0, 0, 'false', 0, [13, 117, 6011, 6015, 6040], []).
person(10084, 26, 117, 'notex', 0, 0, 'false', 0, [20, 117, 6018, 6024], []).
person(10085, 34, 118, 'notex', 0, 0, 'false', 0, [16, 118, 6007, 6016, 6018, 6040], []).
person(10086, 9, 118, 'notex', 0, 0, 'false', 0, [8, 118, 6024, 6030, 6036, 6038], []).
person(10087, 46, 118, 'notex', 0, 0, 'false', 0, [23, 118, 6029, 6033], []).
person(10088, 46, 118, 'notex', 0, 0, 'false', 0, [20, 118, 6013, 6037], []).
person(10089, 34, 118, 'notex', 0, 0, 'false', 0, [13, 118, 6002, 6008, 6016, 6017], []).
person(10090, 31, 119, 'notex', 0, 0, 'false', 0, [17, 119, 6002, 6005, 6012, 6014], []).
person(10091, 61, 120, 'notex', 0, 0, 'false', 0, [15, 120, 6003, 6036, 6037, 6040], []).
person(10092, 62, 120, 'notex', 0, 0, 'false', 0, [19, 120, 6018, 6021, 6040], []).
person(10093, 69, 120, 'notex', 0, 0, 'false', 0, [120, 6019, 6027, 6036], []).
person(10094, 68, 120, 'notex', 0, 0, 'false', 0, [120, 6011, 6036], []).
person(10095, 65, 120, 'notex', 0, 0, 'false', 0, [120, 6002, 6023], []).
person(10096, 74, 120, 'notex', 0, 0, 'false', 0, [120, 6009, 6019, 6035], []).
person(10097, 64, 120, 'notex', 0, 0, 'false', 0, [19, 120, 6016, 6029], []).
person(10098, 49, 121, 'notex', 0, 0, 'false', 0, [16, 121, 6007, 6032], []).
person(10099, 30, 121, 'notex', 0, 0, 'false', 0, [15, 121, 6018, 6021, 6040], []).
person(10100, 53, 121, 'notex', 0, 0, 'false', 0, [15, 121, 6014, 6021], []).
person(10101, 44, 121, 'notex', 0, 0, 'false', 0, [17, 121, 6012, 6032, 6036], []).
person(10102, 26, 122, 'notex', 0, 0, 'false', 0, [21, 122, 6001, 6003, 6017, 6035], []).
person(10103, 46, 122, 'notex', 0, 0, 'false', 0, [23, 122, 6013, 6035], []).
person(10104, 21, 122, 'notex', 0, 0, 'false', 0, [23, 122, 6002, 6027], []).
person(10105, 34, 122, 'notex', 0, 0, 'false', 0, [13, 122, 6002, 6026], []).
person(10106, 1, 122, 'notex', 0, 0, 'false', 0, [4, 122, 6000, 6019, 6021], []).
person(10107, 4, 122, 'notex', 0, 0, 'false', 0, [8, 122, 6003, 6009], []).
person(10108, 25, 122, 'notex', 0, 0, 'false', 0, [21, 122, 6015, 6020, 6033, 6035], []).
person(10109, 60, 123, 'notex', 0, 0, 'false', 0, [23, 123, 6019, 6021, 6035], []).
person(10110, 60, 123, 'notex', 0, 0, 'false', 0, [19, 123, 6007, 6023], []).
person(10111, 38, 124, 'notex', 0, 0, 'false', 0, [14, 124, 6014, 6020, 6038, 6040], []).
person(10112, 46, 124, 'notex', 0, 0, 'false', 0, [18, 124, 6005, 6027, 6033, 6038], []).
person(10113, 58, 124, 'notex', 0, 0, 'false', 0, [15, 124, 6003, 6005, 6024, 6033], []).
person(10114, 57, 125, 'notex', 0, 0, 'false', 0, [22, 125, 6019, 6037], []).
person(10115, 46, 125, 'notex', 0, 0, 'false', 0, [17, 125, 6027], []).
person(10116, 15, 125, 'notex', 0, 0, 'false', 0, [1, 125, 6012, 6017, 6038], []).
person(10117, 16, 125, 'notex', 0, 0, 'false', 0, [1, 125, 6011, 6012, 6013], []).
person(10118, 37, 126, 'notex', 0, 0, 'false', 0, [20, 126, 6010, 6023, 6033, 6034], []).
person(10119, 39, 126, 'notex', 0, 0, 'false', 0, [14, 126, 6009, 6012, 6021], []).
person(10120, 39, 126, 'notex', 0, 0, 'false', 0, [15, 126, 6019, 6022], []).
person(10121, 27, 126, 'notex', 0, 0, 'false', 0, [21, 126, 6001, 6014], []).
person(10122, 59, 126, 'notex', 0, 0, 'false', 0, [21, 126, 6020, 6031, 6035], []).
person(10123, 40, 126, 'notex', 0, 0, 'false', 0, [18, 126, 6005, 6015, 6033, 6034], []).
person(10124, 7, 126, 'notex', 0, 0, 'false', 0, [5, 126, 6004, 6009, 6022, 6035], []).
person(10125, 35, 127, 'notex', 0, 0, 'false', 0, [22, 127, 6031, 6034, 6037, 6038], []).
person(10126, 59, 127, 'notex', 0, 0, 'false', 0, [16, 127, 6007, 6011, 6034], []).
person(10127, 9, 127, 'notex', 0, 0, 'false', 0, [4, 127, 6001, 6011, 6029], []).
person(10128, 29, 128, 'notex', 0, 0, 'false', 0, [21, 128, 6016, 6033], []).
person(10129, 9, 128, 'notex', 0, 0, 'false', 0, [5, 128, 6003, 6004], []).
person(10130, 66, 129, 'notex', 0, 0, 'false', 0, [129, 6007, 6021], []).
person(10131, 62, 129, 'notex', 0, 0, 'false', 0, [21, 129, 6009, 6013, 6040], []).
person(10132, 62, 129, 'notex', 0, 0, 'false', 0, [21, 129, 6026, 6029], []).
person(10133, 64, 129, 'notex', 0, 0, 'false', 0, [22, 129, 6002, 6020, 6021, 6031], []).
person(10134, 60, 129, 'notex', 0, 0, 'false', 0, [23, 129, 6010, 6018], []).
person(10135, 63, 129, 'notex', 0, 0, 'false', 0, [18, 129, 6021, 6037], []).
person(10136, 50, 130, 'notex', 0, 0, 'false', 0, [14, 130, 6022, 6036, 6040], []).
person(10137, 54, 130, 'notex', 0, 0, 'false', 0, [23, 130, 6009, 6036], []).
person(10138, 28, 130, 'notex', 0, 0, 'false', 0, [20, 130, 6001, 6012, 6018, 6035], []).
person(10139, 26, 130, 'notex', 0, 0, 'false', 0, [22, 130, 6023, 6028, 6030], []).
person(10140, 43, 131, 'notex', 0, 0, 'false', 0, [15, 131, 6001, 6015], []).
person(10141, 57, 131, 'notex', 0, 0, 'false', 0, [14, 131, 6005, 6021, 6030, 6035], []).
person(10142, 10, 131, 'notex', 0, 0, 'false', 0, [6, 131, 6032, 6034], []).
person(10143, 47, 132, 'notex', 0, 0, 'false', 0, [21, 132, 6004, 6005, 6010], []).
person(10144, 59, 132, 'notex', 0, 0, 'false', 0, [22, 132, 6004, 6020, 6025], []).
person(10145, 39, 132, 'notex', 0, 0, 'false', 0, [16, 132, 6009, 6013, 6027, 6037], []).
person(10146, 36, 132, 'notex', 0, 0, 'false', 0, [23, 132, 6001, 6027, 6032, 6035], []).
person(10147, 22, 132, 'notex', 0, 0, 'false', 0, [23, 132, 6027, 6032], []).
person(10148, 48, 133, 'notex', 0, 0, 'false', 0, [18, 133, 6002, 6032], []).
person(10149, 23, 133, 'notex', 0, 0, 'false', 0, [17, 133, 6015, 6027], []).
person(10150, 61, 134, 'notex', 0, 0, 'false', 0, [12, 134, 6001, 6014], []).
person(10151, 64, 134, 'notex', 0, 0, 'false', 0, [18, 134, 6004, 6019, 6029], []).
person(10152, 62, 134, 'notex', 0, 0, 'false', 0, [21, 134, 6009, 6020, 6038], []).
person(10153, 37, 135, 'notex', 0, 0, 'false', 0, [16, 135, 6022, 6027], []).
person(10154, 38, 136, 'notex', 0, 0, 'false', 0, [17, 136, 6004, 6007, 6011, 6012], []).
person(10155, 11, 136, 'notex', 0, 0, 'false', 0, [10, 136, 6002, 6007, 6012, 6016], []).
person(10156, 51, 137, 'notex', 0, 0, 'false', 0, [17, 137, 6002, 6012, 6029], []).
person(10157, 58, 137, 'notex', 0, 0, 'false', 0, [13, 137, 6001, 6017, 6023, 6034], []).
person(10158, 35, 137, 'notex', 0, 0, 'false', 0, [22, 137, 6000, 6019, 6020, 6027], []).
person(10159, 39, 137, 'notex', 0, 0, 'false', 0, [18, 137, 6019, 6021], []).
person(10160, 47, 137, 'notex', 0, 0, 'false', 0, [13, 137, 6019, 6033], []).
person(10161, 50, 138, 'notex', 0, 0, 'false', 0, [19, 138, 6008, 6014, 6039], []).
person(10162, 47, 138, 'notex', 0, 0, 'false', 0, [22, 138, 6012, 6025], []).
person(10163, 33, 138, 'notex', 0, 0, 'false', 0, [13, 138, 6027, 6036], []).
person(10164, 5, 138, 'notex', 0, 0, 'false', 0, [10, 138, 6000, 6027, 6037], []).
person(10165, 29, 138, 'notex', 0, 0, 'false', 0, [23, 138, 6011, 6015], []).
person(10166, 29, 138, 'notex', 0, 0, 'false', 0, [14, 138, 6009, 6029, 6039], []).
person(10167, 59, 138, 'notex', 0, 0, 'false', 0, [20, 138, 6006, 6034, 6037], []).
person(10168, 38, 139, 'notex', 0, 0, 'false', 0, [23, 139, 6023, 6027], []).
person(10169, 15, 139, 'notex', 0, 0, 'false', 0, [1, 139, 6011, 6039], []).
person(10170, 41, 139, 'notex', 0, 0, 'false', 0, [16, 139, 6010, 6022], []).
person(10171, 8, 139, 'notex', 0, 0, 'false', 0, [5, 139, 6003, 6027, 6030], []).
person(10172, 16, 139, 'notex', 0, 0, 'false', 0, [1, 139, 6000, 6035], []).
person(10173, 30, 139, 'notex', 0, 0, 'false', 0, [22, 139, 6003, 6027, 6036], []).
person(10174, 36, 140, 'notex', 0, 0, 'false', 0, [22, 140, 6008, 6017, 6021], []).
person(10175, 21, 140, 'notex', 0, 0, 'false', 0, [23, 140, 6001, 6003], []).
person(10176, 68, 141, 'notex', 0, 0, 'false', 0, [141, 6007, 6014, 6032], []).
person(10177, 62, 141, 'notex', 0, 0, 'false', 0, [12, 141, 6014, 6030, 6033], []).
person(10178, 47, 142, 'notex', 0, 0, 'false', 0, [12, 142, 6000, 6021, 6028], []).
person(10179, 39, 142, 'notex', 0, 0, 'false', 0, [17, 142, 6012, 6016], []).
person(10180, 35, 142, 'notex', 0, 0, 'false', 0, [12, 142, 6012, 6018, 6036], []).
person(10181, 47, 142, 'notex', 0, 0, 'false', 0, [21, 142, 6022, 6031], []).
person(10182, 30, 142, 'notex', 0, 0, 'false', 0, [17, 142, 6023, 6032], []).
person(10183, 52, 142, 'notex', 0, 0, 'false', 0, [14, 142, 6019, 6021], []).
person(10184, 19, 142, 'notex', 0, 0, 'false', 0, [13, 142, 6018, 6030, 6036], []).
person(10185, 80, 143, 'notex', 0, 0, 'false', 0, [143, 6001, 6005, 6007, 6028], []).
person(10186, 29, 144, 'notex', 0, 0, 'false', 0, [19, 144, 6009, 6018], []).
person(10187, 47, 145, 'notex', 0, 0, 'false', 0, [18, 145, 6003, 6005, 6023, 6040], []).
person(10188, 39, 146, 'notex', 0, 0, 'false', 0, [18, 146, 6001, 6026, 6033, 6034], []).
person(10189, 57, 146, 'notex', 0, 0, 'false', 0, [23, 146, 6016, 6026], []).
person(10190, 36, 146, 'notex', 0, 0, 'false', 0, [21, 146, 6007, 6019], []).
person(10191, 14, 146, 'notex', 0, 0, 'false', 0, [2, 146, 6003, 6028, 6034, 6039], []).
person(10192, 15, 146, 'notex', 0, 0, 'false', 0, [1, 146, 6006, 6023, 6029], []).
person(10193, 51, 147, 'notex', 0, 0, 'false', 0, [17, 147, 6010, 6016, 6025], []).
person(10194, 3, 147, 'notex', 0, 0, 'false', 0, [10, 147, 6016, 6029, 6038], []).
person(10195, 7, 147, 'notex', 0, 0, 'false', 0, [8, 147, 6010, 6038], []).
person(10196, 48, 147, 'notex', 0, 0, 'false', 0, [23, 147, 6002, 6016, 6020, 6024], []).
person(10197, 15, 147, 'notex', 0, 0, 'false', 0, [1, 147, 6009, 6012, 6023], []).
person(10198, 30, 147, 'notex', 0, 0, 'false', 0, [17, 147, 6019, 6028, 6031], []).
person(10199, 40, 147, 'notex', 0, 0, 'false', 0, [16, 147, 6000, 6011, 6035, 6039], []).
person(10200, 40, 148, 'notex', 0, 0, 'false', 0, [18, 148, 6014, 6016, 6035], []).
person(10201, 53, 148, 'notex', 0, 0, 'false', 0, [23, 148, 6011, 6018, 6019, 6032], []).
person(10202, 51, 149, 'notex', 0, 0, 'false', 0, [14, 149, 6019, 6030], []).
person(10203, 12, 149, 'notex', 0, 0, 'false', 0, [3, 149, 6003, 6027, 6031], []).
person(10204, 3, 149, 'notex', 0, 0, 'false', 0, [4, 149, 6023, 6039], []).
person(10205, 57, 150, 'notex', 0, 0, 'false', 0, [17, 150, 6022, 6027, 6034], []).
person(10206, 41, 150, 'notex', 0, 0, 'false', 0, [14, 150, 6024, 6039], []).
person(10207, 47, 150, 'notex', 0, 0, 'false', 0, [19, 150, 6007, 6020], []).
person(10208, 28, 150, 'notex', 0, 0, 'false', 0, [20, 150, 6008, 6024, 6030, 6038], []).
person(10209, 10, 150, 'notex', 0, 0, 'false', 0, [11, 150, 6010, 6015, 6030], []).
person(10210, 37, 150, 'notex', 0, 0, 'false', 0, [14, 150, 6015, 6033], []).
person(10211, 2, 150, 'notex', 0, 0, 'false', 0, [6, 150, 6000, 6006, 6034], []).
person(10212, 24, 151, 'notex', 0, 0, 'false', 0, [14, 151, 6024, 6031, 6035, 6040], []).
person(10213, 14, 151, 'notex', 0, 0, 'false', 0, [2, 151, 6037, 6038], []).
person(10214, 16, 151, 'notex', 0, 0, 'false', 0, [1, 151, 6003, 6036], []).
person(10215, 9, 151, 'notex', 0, 0, 'false', 0, [10, 151, 6007, 6024], []).
person(10216, 25, 151, 'notex', 0, 0, 'false', 0, [15, 151, 6023, 6033, 6039], []).
person(10217, 29, 152, 'notex', 0, 0, 'false', 0, [14, 152, 6013, 6014], []).
person(10218, 58, 152, 'notex', 0, 0, 'false', 0, [18, 152, 6005], []).
person(10219, 15, 152, 'notex', 0, 0, 'false', 0, [1, 152, 6022, 6024, 6037], []).
person(10220, 34, 152, 'notex', 0, 0, 'false', 0, [14, 152, 6013, 6036], []).
person(10221, 46, 152, 'notex', 0, 0, 'false', 0, [20, 152, 6003, 6014, 6018], []).
person(10222, 58, 152, 'notex', 0, 0, 'false', 0, [22, 152, 6005, 6033], []).
person(10223, 41, 152, 'notex', 0, 0, 'false', 0, [19, 152, 6013, 6021, 6039], []).
person(10224, 48, 153, 'notex', 0, 0, 'false', 0, [21, 153, 6016, 6021, 6029, 6032], []).
person(10225, 36, 153, 'notex', 0, 0, 'false', 0, [12, 153, 6014, 6018, 6029], []).
person(10226, 35, 153, 'notex', 0, 0, 'false', 0, [22, 153, 6002, 6018, 6038], []).
person(10227, 13, 153, 'notex', 0, 0, 'false', 0, [3, 153, 6017, 6040], []).
person(10228, 37, 154, 'notex', 0, 0, 'false', 0, [13, 154, 6010, 6032], []).
person(10229, 39, 155, 'notex', 0, 0, 'false', 0, [19, 155, 6011, 6026], []).
person(10230, 30, 155, 'notex', 0, 0, 'false', 0, [16, 155, 6019, 6020, 6031], []).
person(10231, 28, 155, 'notex', 0, 0, 'false', 0, [22, 155, 6003, 6020, 6031, 6034], []).
person(10232, 32, 155, 'notex', 0, 0, 'false', 0, [18, 155, 6005, 6012], []).
person(10233, 37, 155, 'notex', 0, 0, 'false', 0, [18, 155, 6018, 6023], []).
person(10234, 28, 156, 'notex', 0, 0, 'false', 0, [23, 156, 6002, 6013, 6026], []).
person(10235, 5, 156, 'notex', 0, 0, 'false', 0, [6, 156, 6003, 6014, 6021], []).
person(10236, 12, 156, 'notex', 0, 0, 'false', 0, [2, 156, 6035, 6037], []).
person(10237, 56, 156, 'notex', 0, 0, 'false', 0, [23, 156, 6005, 6015], []).
person(10238, 60, 157, 'notex', 0, 0, 'false', 0, [22, 157, 6005, 6013], []).
person(10239, 61, 157, 'notex', 0, 0, 'false', 0, [21, 157, 6000, 6024, 6025], []).
person(10240, 64, 157, 'notex', 0, 0, 'false', 0, [23, 157, 6015, 6038, 6039], []).
person(10241, 63, 157, 'notex', 0, 0, 'false', 0, [22, 157, 6002, 6022, 6030, 6033], []).
person(10242, 69, 157, 'notex', 0, 0, 'false', 0, [157, 6024, 6028, 6036], []).
person(10243, 62, 157, 'notex', 0, 0, 'false', 0, [18, 157, 6007, 6008, 6017, 6035], []).
person(10244, 37, 158, 'notex', 0, 0, 'false', 0, [23, 158, 6010, 6030, 6033], []).
person(10245, 2, 158, 'notex', 0, 0, 'false', 0, [6, 158, 6022, 6025], []).
person(10246, 55, 158, 'notex', 0, 0, 'false', 0, [17, 158, 6021, 6031, 6033, 6040], []).
person(10247, 19, 158, 'notex', 0, 0, 'false', 0, [18, 158, 6001, 6004, 6026], []).
person(10248, 31, 158, 'notex', 0, 0, 'false', 0, [15, 158, 6022, 6038], []).
person(10249, 3, 158, 'notex', 0, 0, 'false', 0, [6, 158, 6004, 6010, 6012, 6016], []).
person(10250, 55, 158, 'notex', 0, 0, 'false', 0, [12, 158, 6004, 6007], []).
person(10251, 18, 159, 'notex', 0, 0, 'false', 0, [1, 159, 6008, 6009, 6019, 6031], []).
person(10252, 42, 159, 'notex', 0, 0, 'false', 0, [19, 159, 6002, 6023, 6024, 6033], []).
person(10253, 38, 160, 'notex', 0, 0, 'false', 0, [16, 160, 6007, 6026, 6031, 6035], []).
person(10254, 32, 160, 'notex', 0, 0, 'false', 0, [22, 160, 6014, 6016, 6021, 6034], []).
person(10255, 39, 160, 'notex', 0, 0, 'false', 0, [22, 160, 6020, 6035], []).
person(10256, 49, 160, 'notex', 0, 0, 'false', 0, [15, 160, 6010, 6023, 6038], []).
person(10257, 35, 161, 'notex', 0, 0, 'false', 0, [12, 161, 6009, 6040], []).
person(10258, 21, 161, 'notex', 0, 0, 'false', 0, [13, 161, 6013, 6021, 6029], []).
person(10259, 39, 161, 'notex', 0, 0, 'false', 0, [22, 161, 6017, 6023], []).
person(10260, 51, 162, 'notex', 0, 0, 'false', 0, [15, 162, 6027, 6038], []).
person(10261, 7, 162, 'notex', 0, 0, 'false', 0, [7, 162, 6006, 6037, 6040], []).
person(10262, 48, 162, 'notex', 0, 0, 'false', 0, [18, 162, 6029, 6037, 6039], []).
person(10263, 57, 162, 'notex', 0, 0, 'false', 0, [18, 162, 6007, 6009, 6033], []).
person(10264, 40, 162, 'notex', 0, 0, 'false', 0, [12, 162, 6021, 6028, 6033], []).
person(10265, 10, 162, 'notex', 0, 0, 'false', 0, [8, 162, 6012, 6017, 6034, 6037], []).
person(10266, 35, 162, 'notex', 0, 0, 'false', 0, [14, 162, 6027, 6038], []).
person(10267, 25, 163, 'notex', 0, 0, 'false', 0, [13, 163, 6011, 6013, 6038], []).
person(10268, 59, 163, 'notex', 0, 0, 'false', 0, [19, 163, 6015, 6030], []).
person(10269, 4, 163, 'notex', 0, 0, 'false', 0, [11, 163, 6007, 6012, 6031], []).
person(10270, 42, 163, 'notex', 0, 0, 'false', 0, [19, 163, 6021, 6033], []).
person(10271, 7, 163, 'notex', 0, 0, 'false', 0, [5, 163, 6010, 6029], []).
person(10272, 49, 163, 'notex', 0, 0, 'false', 0, [23, 163, 6012, 6013, 6024, 6037], []).
person(10273, 63, 164, 'notex', 0, 0, 'false', 0, [21, 164, 6027, 6031, 6034, 6039], []).
person(10274, 62, 164, 'notex', 0, 0, 'false', 0, [21, 164, 6001, 6007, 6023, 6034], []).
person(10275, 65, 164, 'notex', 0, 0, 'false', 0, [164, 6010, 6016, 6026, 6027], []).
person(10276, 62, 164, 'notex', 0, 0, 'false', 0, [17, 164, 6006, 6011, 6016, 6038], []).
person(10277, 60, 164, 'notex', 0, 0, 'false', 0, [17, 164, 6006, 6023, 6032, 6038], []).
person(10278, 61, 164, 'notex', 0, 0, 'false', 0, [16, 164, 6005, 6036, 6039], []).
person(10279, 32, 165, 'notex', 0, 0, 'false', 0, [16, 165, 6027, 6031, 6038], []).
person(10280, 41, 165, 'notex', 0, 0, 'false', 0, [18, 165, 6022, 6040], []).
person(10281, 71, 166, 'notex', 0, 0, 'false', 0, [166, 6003, 6011, 6035], []).
person(10282, 63, 166, 'notex', 0, 0, 'false', 0, [14, 166, 6017, 6036], []).
person(10283, 60, 166, 'notex', 0, 0, 'false', 0, [17, 166, 6005, 6009, 6019, 6036], []).
person(10284, 61, 167, 'notex', 0, 0, 'false', 0, [14, 167, 6007, 6015], []).
person(10285, 61, 167, 'notex', 0, 0, 'false', 0, [15, 167, 6006, 6010, 6034], []).
person(10286, 61, 167, 'notex', 0, 0, 'false', 0, [23, 167, 6005, 6010, 6012, 6040], []).
person(10287, 67, 167, 'notex', 0, 0, 'false', 0, [167, 6011, 6018], []).
person(10288, 60, 167, 'notex', 0, 0, 'false', 0, [14, 167, 6017, 6035], []).
person(10289, 60, 167, 'notex', 0, 0, 'false', 0, [23, 167, 6023, 6030, 6031], []).
person(10290, 67, 167, 'notex', 0, 0, 'false', 0, [167, 6024, 6036], []).
person(10291, 21, 168, 'notex', 0, 0, 'false', 0, [17, 168, 6000, 6023, 6025, 6030], []).
person(10292, 43, 168, 'notex', 0, 0, 'false', 0, [13, 168, 6009, 6029, 6033, 6036], []).
person(10293, 41, 169, 'notex', 0, 0, 'false', 0, [23, 169, 6015, 6028, 6039], []).
person(10294, 15, 169, 'notex', 0, 0, 'false', 0, [1, 169, 6014, 6025, 6031, 6040], []).
person(10295, 39, 169, 'notex', 0, 0, 'false', 0, [20, 169, 6003, 6006, 6019], []).
person(10296, 11, 169, 'notex', 0, 0, 'false', 0, [5, 169, 6000, 6017, 6022, 6037], []).
person(10297, 28, 169, 'notex', 0, 0, 'false', 0, [16, 169, 6010, 6020], []).
person(10298, 39, 170, 'notex', 0, 0, 'false', 0, [22, 170, 6002, 6013], []).
person(10299, 20, 171, 'notex', 0, 0, 'false', 0, [16, 171, 6002, 6009], []).
person(10300, 20, 171, 'notex', 0, 0, 'false', 0, [18, 171, 6028, 6034], []).
person(10301, 47, 171, 'notex', 0, 0, 'false', 0, [19, 171, 6010, 6028, 6038], []).
person(10302, 9, 171, 'notex', 0, 0, 'false', 0, [6, 171, 6001, 6036, 6038], []).
person(10303, 3, 171, 'notex', 0, 0, 'false', 0, [4, 171, 6007, 6012, 6031], []).
person(10304, 37, 172, 'notex', 0, 0, 'false', 0, [18, 172, 6010, 6020], []).
person(10305, 22, 172, 'notex', 0, 0, 'false', 0, [23, 172, 6003, 6013, 6025, 6036], []).
person(10306, 38, 173, 'notex', 0, 0, 'false', 0, [17, 173, 6002, 6007, 6021], []).
person(10307, 45, 173, 'notex', 0, 0, 'false', 0, [16, 173, 6005, 6021, 6026, 6027], []).
person(10308, 40, 173, 'notex', 0, 0, 'false', 0, [23, 173, 6003, 6005, 6038], []).
person(10309, 24, 173, 'notex', 0, 0, 'false', 0, [18, 173, 6007, 6012, 6022], []).
person(10310, 57, 173, 'notex', 0, 0, 'false', 0, [16, 173, 6009, 6013, 6040], []).
person(10311, 59, 173, 'notex', 0, 0, 'false', 0, [20, 173, 6016, 6030], []).
person(10312, 8, 173, 'notex', 0, 0, 'false', 0, [4, 173, 6007, 6020, 6026], []).
person(10313, 52, 174, 'notex', 0, 0, 'false', 0, [13, 174, 6022, 6024, 6026, 6039], []).
person(10314, 59, 174, 'notex', 0, 0, 'false', 0, [23, 174, 6002, 6003, 6026], []).
person(10315, 34, 174, 'notex', 0, 0, 'false', 0, [15, 174, 6017, 6029], []).
person(10316, 35, 175, 'notex', 0, 0, 'false', 0, [22, 175, 6006, 6013, 6014, 6027], []).
person(10317, 27, 175, 'notex', 0, 0, 'false', 0, [13, 175, 6015, 6017, 6024], []).
person(10318, 37, 175, 'notex', 0, 0, 'false', 0, [19, 175, 6011, 6013], []).
person(10319, 11, 175, 'notex', 0, 0, 'false', 0, [11, 175, 6007, 6010, 6015, 6028], []).
person(10320, 12, 175, 'notex', 0, 0, 'false', 0, [3, 175, 6009, 6028, 6040], []).
person(10321, 48, 176, 'notex', 0, 0, 'false', 0, [15, 176, 6016, 6022], []).
person(10322, 31, 176, 'notex', 0, 0, 'false', 0, [15, 176, 6000, 6001, 6030, 6037], []).
person(10323, 53, 176, 'notex', 0, 0, 'false', 0, [15, 176, 6002, 6011, 6026, 6035], []).
person(10324, 3, 176, 'notex', 0, 0, 'false', 0, [11, 176, 6009, 6015, 6025, 6040], []).
person(10325, 18, 176, 'notex', 0, 0, 'false', 0, [1, 176, 6023, 6030], []).
person(10326, 15, 176, 'notex', 0, 0, 'false', 0, [1, 176, 6008, 6026, 6040], []).
person(10327, 42, 177, 'notex', 0, 0, 'false', 0, [20, 177, 6017, 6025, 6033, 6035], []).
person(10328, 8, 177, 'notex', 0, 0, 'false', 0, [7, 177, 6014, 6026, 6036], []).
person(10329, 21, 177, 'notex', 0, 0, 'false', 0, [12, 177, 6014, 6019, 6021, 6023], []).
person(10330, 45, 177, 'notex', 0, 0, 'false', 0, [13, 177, 6013, 6016, 6021], []).
person(10331, 33, 178, 'notex', 0, 0, 'false', 0, [13, 178, 6020, 6022, 6031], []).
person(10332, 1, 178, 'notex', 0, 0, 'false', 0, [6, 178, 6008, 6024, 6025], []).
person(10333, 7, 178, 'notex', 0, 0, 'false', 0, [10, 178, 6004, 6011, 6019, 6028], []).
person(10334, 24, 178, 'notex', 0, 0, 'false', 0, [16, 178, 6008, 6028, 6034, 6035], []).
person(10335, 20, 178, 'notex', 0, 0, 'false', 0, [21, 178, 6000, 6008, 6009, 6011], []).
person(10336, 33, 179, 'notex', 0, 0, 'false', 0, [16, 179, 6009, 6011, 6027, 6039], []).
person(10337, 61, 180, 'notex', 0, 0, 'false', 0, [14, 180, 6011, 6032], []).
person(10338, 60, 180, 'notex', 0, 0, 'false', 0, [18, 180, 6003, 6011, 6012, 6034], []).
person(10339, 60, 180, 'notex', 0, 0, 'false', 0, [17, 180, 6002, 6016, 6023, 6025], []).
person(10340, 43, 181, 'notex', 0, 0, 'false', 0, [16, 181, 6000, 6003], []).
person(10341, 37, 181, 'notex', 0, 0, 'false', 0, [16, 181, 6007, 6017, 6024], []).
person(10342, 33, 181, 'notex', 0, 0, 'false', 0, [16, 181, 6005, 6013, 6018, 6034], []).
person(10343, 34, 181, 'notex', 0, 0, 'false', 0, [14, 181, 6014, 6021, 6025], []).
person(10344, 18, 181, 'notex', 0, 0, 'false', 0, [1, 181, 6001, 6012, 6015], []).
person(10345, 38, 181, 'notex', 0, 0, 'false', 0, [14, 181, 6020, 6021, 6027], []).
person(10346, 29, 181, 'notex', 0, 0, 'false', 0, [15, 181, 6025, 6031], []).
person(10347, 37, 182, 'notex', 0, 0, 'false', 0, [23, 182, 6008, 6020, 6021], []).
person(10348, 38, 182, 'notex', 0, 0, 'false', 0, [22, 182, 6015, 6037], []).
person(10349, 47, 182, 'notex', 0, 0, 'false', 0, [13, 182, 6028, 6030], []).
person(10350, 54, 182, 'notex', 0, 0, 'false', 0, [14, 182, 6003, 6005, 6039], []).
person(10351, 59, 182, 'notex', 0, 0, 'false', 0, [21, 182, 6030, 6038], []).
person(10352, 33, 182, 'notex', 0, 0, 'false', 0, [21, 182, 6004, 6038], []).
person(10353, 5, 182, 'notex', 0, 0, 'false', 0, [5, 182, 6020, 6027, 6035], []).
person(10354, 48, 183, 'notex', 0, 0, 'false', 0, [18, 183, 6031, 6033, 6036, 6039], []).
person(10355, 37, 183, 'notex', 0, 0, 'false', 0, [20, 183, 6002, 6014], []).
person(10356, 57, 183, 'notex', 0, 0, 'false', 0, [22, 183, 6020, 6040], []).
person(10357, 37, 184, 'notex', 0, 0, 'false', 0, [12, 184, 6002, 6018, 6035], []).
person(10358, 5, 184, 'notex', 0, 0, 'false', 0, [9, 184, 6000, 6018, 6029, 6031], []).
person(10359, 52, 184, 'notex', 0, 0, 'false', 0, [19, 184, 6030, 6040], []).
person(10360, 39, 185, 'notex', 0, 0, 'false', 0, [18, 185, 6010, 6039], []).
person(10361, 27, 186, 'notex', 0, 0, 'false', 0, [21, 186, 6003, 6020, 6025, 6040], []).
person(10362, 30, 186, 'notex', 0, 0, 'false', 0, [14, 186, 6004, 6016, 6033, 6037], []).
person(10363, 6, 186, 'notex', 0, 0, 'false', 0, [4, 186, 6027, 6030, 6033, 6040], []).
person(10364, 42, 186, 'notex', 0, 0, 'false', 0, [16, 186, 6022, 6025, 6031], []).
person(10365, 24, 186, 'notex', 0, 0, 'false', 0, [14, 186, 6014, 6019], []).
person(10366, 94, 187, 'notex', 0, 0, 'false', 0, [187, 6023], []).
person(10367, 93, 187, 'notex', 0, 0, 'false', 0, [187, 6021, 6025, 6034, 6040], []).
person(10368, 95, 187, 'notex', 0, 0, 'false', 0, [187, 6004, 6020], []).
person(10369, 91, 187, 'notex', 0, 0, 'false', 0, [187, 6015, 6019], []).
person(10370, 40, 188, 'notex', 0, 0, 'false', 0, [16, 188, 6022, 6028, 6032], []).
person(10371, 24, 188, 'notex', 0, 0, 'false', 0, [21, 188, 6016, 6027], []).
person(10372, 46, 188, 'notex', 0, 0, 'false', 0, [17, 188, 6004, 6033], []).
person(10373, 25, 188, 'notex', 0, 0, 'false', 0, [22, 188, 6002, 6014], []).
person(10374, 13, 188, 'notex', 0, 0, 'false', 0, [2, 188, 6015, 6022, 6038], []).
person(10375, 59, 189, 'notex', 0, 0, 'false', 0, [15, 189, 6023, 6034], []).
person(10376, 42, 190, 'notex', 0, 0, 'false', 0, [15, 190, 6000, 6015, 6037], []).
person(10377, 53, 190, 'notex', 0, 0, 'false', 0, [15, 190, 6018, 6019, 6025], []).
person(10378, 3, 190, 'notex', 0, 0, 'false', 0, [5, 190, 6020, 6026, 6033], []).
person(10379, 3, 190, 'notex', 0, 0, 'false', 0, [7, 190, 6024, 6031], []).
person(10380, 38, 191, 'notex', 0, 0, 'false', 0, [14, 191, 6004, 6006, 6017, 6037], []).
person(10381, 56, 191, 'notex', 0, 0, 'false', 0, [14, 191, 6004, 6009, 6031, 6037], []).
person(10382, 59, 191, 'notex', 0, 0, 'false', 0, [13, 191, 6005, 6040], []).
person(10383, 30, 191, 'notex', 0, 0, 'false', 0, [18, 191, 6006, 6022, 6028, 6030], []).
person(10384, 21, 192, 'notex', 0, 0, 'false', 0, [16, 192, 6024, 6025, 6029, 6039], []).
person(10385, 17, 192, 'notex', 0, 0, 'false', 0, [1, 192, 6027, 6034], []).
person(10386, 45, 192, 'notex', 0, 0, 'false', 0, [15, 192, 6000, 6002, 6005, 6017], []).
person(10387, 50, 193, 'notex', 0, 0, 'false', 0, [16, 193, 6000, 6025], []).
person(10388, 48, 193, 'notex', 0, 0, 'false', 0, [22, 193, 6017, 6027, 6031, 6033], []).
person(10389, 64, 194, 'notex', 0, 0, 'false', 0, [15, 194, 6000, 6010, 6020, 6040], []).
person(10390, 60, 194, 'notex', 0, 0, 'false', 0, [21, 194, 6014, 6018, 6024, 6040], []).
person(10391, 62, 194, 'notex', 0, 0, 'false', 0, [19, 194, 6002, 6023, 6024, 6033], []).
person(10392, 59, 195, 'notex', 0, 0, 'false', 0, [20, 195, 6012, 6025], []).
person(10393, 50, 195, 'notex', 0, 0, 'false', 0, [19, 195, 6006, 6018, 6033, 6036], []).
person(10394, 27, 195, 'notex', 0, 0, 'false', 0, [12, 195, 6009, 6010, 6025, 6030], []).
person(10395, 41, 196, 'notex', 0, 0, 'false', 0, [20, 196, 6008, 6009, 6016, 6038], []).
person(10396, 47, 196, 'notex', 0, 0, 'false', 0, [18, 196, 6016, 6017, 6032], []).
person(10397, 41, 196, 'notex', 0, 0, 'false', 0, [20, 196, 6010, 6018, 6025], []).
person(10398, 47, 197, 'notex', 0, 0, 'false', 0, [21, 197, 6009, 6028, 6039], []).
person(10399, 11, 197, 'notex', 0, 0, 'false', 0, [9, 197, 6004, 6014, 6015, 6025], []).
person(10400, 40, 198, 'notex', 0, 0, 'false', 0, [21, 198, 6004, 6031], []).
person(10401, 13, 198, 'notex', 0, 0, 'false', 0, [2, 198, 6013], []).
person(10402, 58, 198, 'notex', 0, 0, 'false', 0, [17, 198, 6017, 6036], []).
person(10403, 38, 198, 'notex', 0, 0, 'false', 0, [20, 198, 6010, 6016, 6022], []).
person(10404, 44, 198, 'notex', 0, 0, 'false', 0, [23, 198, 6020, 6033], []).
person(10405, 61, 199, 'notex', 0, 0, 'false', 0, [13, 199, 6018, 6034, 6037], []).
person(10406, 46, 200, 'notex', 0, 0, 'false', 0, [15, 200, 6004, 6005, 6007], []).
person(10407, 41, 200, 'notex', 0, 0, 'false', 0, [18, 200, 6036, 6037], []).
person(10408, 57, 200, 'notex', 0, 0, 'false', 0, [17, 200, 6010, 6017, 6021, 6028], []).
person(10409, 45, 200, 'notex', 0, 0, 'false', 0, [18, 200, 6007, 6026, 6033, 6034], []).
person(10410, 3, 200, 'notex', 0, 0, 'false', 0, [6, 200, 6001, 6016, 6036, 6038], []).
person(10411, 14, 200, 'notex', 0, 0, 'false', 0, [2, 200, 6007, 6020, 6023, 6033], []).
person(10412, 58, 200, 'notex', 0, 0, 'false', 0, [14, 200, 6008, 6025, 6029, 6030], []).
person(10413, 21, 201, 'notex', 0, 0, 'false', 0, [21, 201, 6003, 6008, 6032, 6033], []).
person(10414, 30, 201, 'notex', 0, 0, 'false', 0, [17, 201, 6000, 6015, 6039], []).
person(10415, 29, 201, 'notex', 0, 0, 'false', 0, [20, 201, 6002, 6032, 6039], []).
person(10416, 55, 201, 'notex', 0, 0, 'false', 0, [12, 201, 6005, 6008, 6028, 6032], []).
person(10417, 48, 201, 'notex', 0, 0, 'false', 0, [19, 201, 6015], []).
person(10418, 31, 202, 'notex', 0, 0, 'false', 0, [14, 202, 6026, 6029, 6030], []).
person(10419, 10, 202, 'notex', 0, 0, 'false', 0, [9, 202, 6019, 6022, 6034, 6039], []).
person(10420, 49, 202, 'notex', 0, 0, 'false', 0, [22, 202, 6003, 6008, 6040], []).
person(10421, 24, 202, 'notex', 0, 0, 'false', 0, [17, 202, 6006, 6017, 6030], []).
person(10422, 31, 202, 'notex', 0, 0, 'false', 0, [16, 202, 6018, 6034], []).
person(10423, 37, 203, 'notex', 0, 0, 'false', 0, [14, 203, 6003, 6035], []).
person(10424, 20, 203, 'notex', 0, 0, 'false', 0, [14, 203, 6027, 6040], []).
person(10425, 57, 203, 'notex', 0, 0, 'false', 0, [15, 203, 6000, 6028, 6030, 6039], []).
person(10426, 19, 203, 'notex', 0, 0, 'false', 0, [23, 203, 6008, 6037], []).
person(10427, 26, 203, 'notex', 0, 0, 'false', 0, [18, 203, 6000, 6022], []).
person(10428, 9, 203, 'notex', 0, 0, 'false', 0, [5, 203, 6008, 6021, 6022], []).
person(10429, 20, 203, 'notex', 0, 0, 'false', 0, [23, 203, 6025, 6033], []).
person(10430, 44, 204, 'notex', 0, 0, 'false', 0, [14, 204, 6010, 6016], []).
person(10431, 43, 204, 'notex', 0, 0, 'false', 0, [18, 204, 6011, 6017, 6027, 6030], []).
person(10432, 32, 204, 'notex', 0, 0, 'false', 0, [20, 204, 6019, 6021, 6040], []).
person(10433, 9, 204, 'notex', 0, 0, 'false', 0, [5, 204, 6008, 6014, 6017, 6022], []).
person(10434, 39, 204, 'notex', 0, 0, 'false', 0, [17, 204, 6000, 6017, 6024, 6038], []).
person(10435, 42, 205, 'notex', 0, 0, 'false', 0, [20, 205, 6000, 6016, 6019], []).
person(10436, 55, 205, 'notex', 0, 0, 'false', 0, [16, 205, 6000, 6020, 6024], []).
person(10437, 41, 206, 'notex', 0, 0, 'false', 0, [12, 206, 6008, 6036], []).
person(10438, 58, 206, 'notex', 0, 0, 'false', 0, [22, 206, 6014, 6017, 6019, 6031], []).
person(10439, 58, 206, 'notex', 0, 0, 'false', 0, [14, 206, 6002, 6027], []).
person(10440, 14, 206, 'notex', 0, 0, 'false', 0, [2, 206, 6002, 6003, 6022], []).
person(10441, 42, 207, 'notex', 0, 0, 'false', 0, [12, 207, 6016, 6035, 6039], []).
person(10442, 21, 207, 'notex', 0, 0, 'false', 0, [15, 207, 6000, 6013, 6014, 6035], []).
person(10443, 58, 207, 'notex', 0, 0, 'false', 0, [13, 207, 6001, 6033, 6039, 6040], []).
person(10444, 5, 207, 'notex', 0, 0, 'false', 0, [7, 207, 6022, 6029, 6037], []).
person(10445, 45, 207, 'notex', 0, 0, 'false', 0, [15, 207, 6015, 6017], []).
person(10446, 39, 207, 'notex', 0, 0, 'false', 0, [21, 207, 6036, 6039], []).
person(10447, 38, 208, 'notex', 0, 0, 'false', 0, [17, 208, 6014, 6023, 6036], []).
person(10448, 56, 208, 'notex', 0, 0, 'false', 0, [19, 208, 6013, 6021, 6024], []).
person(10449, 36, 208, 'notex', 0, 0, 'false', 0, [17, 208, 6028, 6038], []).
person(10450, 38, 208, 'notex', 0, 0, 'false', 0, [16, 208, 6009, 6016, 6018, 6035], []).
person(10451, 18, 208, 'notex', 0, 0, 'false', 0, [1, 208, 6008, 6011, 6025], []).
person(10452, 26, 208, 'notex', 0, 0, 'false', 0, [20, 208, 6006, 6038, 6040], []).
person(10453, 43, 208, 'notex', 0, 0, 'false', 0, [16, 208, 6018, 6030, 6033], []).
person(10454, 26, 209, 'notex', 0, 0, 'false', 0, [22, 209, 6019, 6028], []).
person(10455, 47, 209, 'notex', 0, 0, 'false', 0, [23, 209, 6010, 6024, 6037, 6038], []).
person(10456, 38, 209, 'notex', 0, 0, 'false', 0, [15, 209, 6009, 6016, 6030, 6039], []).
person(10457, 29, 209, 'notex', 0, 0, 'false', 0, [19, 209, 6016, 6020], []).
person(10458, 54, 209, 'notex', 0, 0, 'false', 0, [21, 209, 6015, 6018, 6030, 6036], []).
person(10459, 19, 210, 'notex', 0, 0, 'false', 0, [16, 210, 6003, 6016, 6022, 6040], []).
person(10460, 49, 210, 'notex', 0, 0, 'false', 0, [16, 210, 6006, 6018, 6023], []).
person(10461, 30, 210, 'notex', 0, 0, 'false', 0, [12, 210, 6031, 6039], []).
person(10462, 60, 211, 'notex', 0, 0, 'false', 0, [23, 211, 6003, 6019, 6027], []).
person(10463, 60, 211, 'notex', 0, 0, 'false', 0, [17, 211, 6000, 6026], []).
person(10464, 61, 211, 'notex', 0, 0, 'false', 0, [21, 211, 6013, 6014], []).
person(10465, 27, 212, 'notex', 0, 0, 'false', 0, [17, 212, 6007, 6015, 6028], []).
person(10466, 6, 212, 'notex', 0, 0, 'false', 0, [4, 212, 6018, 6032, 6036], []).
person(10467, 51, 212, 'notex', 0, 0, 'false', 0, [21, 212, 6012, 6017], []).
person(10468, 12, 212, 'notex', 0, 0, 'false', 0, [2, 212, 6001, 6013, 6034, 6037], []).
person(10469, 39, 212, 'notex', 0, 0, 'false', 0, [19, 212, 6010, 6019, 6020, 6034], []).
person(10470, 30, 212, 'notex', 0, 0, 'false', 0, [22, 212, 6017, 6038], []).
person(10471, 53, 213, 'notex', 0, 0, 'false', 0, [21, 213, 6019, 6031], []).
person(10472, 15, 213, 'notex', 0, 0, 'false', 0, [1, 213, 6011, 6015, 6017, 6029], []).
person(10473, 41, 214, 'notex', 0, 0, 'false', 0, [15, 214, 6014, 6024, 6025, 6027], []).
person(10474, 53, 214, 'notex', 0, 0, 'false', 0, [12, 214, 6022, 6025, 6027, 6032], []).
person(10475, 52, 214, 'notex', 0, 0, 'false', 0, [23, 214, 6023, 6024, 6040], []).
person(10476, 34, 214, 'notex', 0, 0, 'false', 0, [16, 214, 6000, 6014, 6031, 6032], []).
person(10477, 6, 214, 'notex', 0, 0, 'false', 0, [10, 214, 6000], []).
person(10478, 46, 214, 'notex', 0, 0, 'false', 0, [22, 214, 6009, 6023, 6028], []).
person(10479, 82, 215, 'notex', 0, 0, 'false', 0, [215, 6017, 6032], []).
person(10480, 81, 215, 'notex', 0, 0, 'false', 0, [215, 6010, 6019, 6035], []).
person(10481, 81, 215, 'notex', 0, 0, 'false', 0, [215, 6018, 6020, 6028, 6030], []).
person(10482, 85, 215, 'notex', 0, 0, 'false', 0, [215, 6000, 6012, 6028, 6037], []).
person(10483, 82, 215, 'notex', 0, 0, 'false', 0, [215, 6014, 6029, 6030, 6038], []).
person(10484, 41, 216, 'notex', 0, 0, 'false', 0, [17, 216, 6003, 6015], []).
person(10485, 8, 216, 'notex', 0, 0, 'false', 0, [7, 216, 6006, 6032], []).
person(10486, 37, 217, 'notex', 0, 0, 'false', 0, [17, 217, 6010, 6015, 6027], []).
person(10487, 1, 217, 'notex', 0, 0, 'false', 0, [10, 217, 6013, 6021], []).
person(10488, 12, 217, 'notex', 0, 0, 'false', 0, [3, 217, 6012, 6024, 6036], []).
person(10489, 42, 217, 'notex', 0, 0, 'false', 0, [14, 217, 6010, 6022], []).
person(10490, 31, 217, 'notex', 0, 0, 'false', 0, [20, 217, 6020, 6024, 6026], []).
person(10491, 81, 218, 'notex', 0, 0, 'false', 0, [218, 6002, 6014, 6022, 6023], []).
person(10492, 82, 218, 'notex', 0, 0, 'false', 0, [218, 6005, 6029, 6039], []).
person(10493, 80, 218, 'notex', 0, 0, 'false', 0, [218, 6014, 6016, 6020], []).
person(10494, 83, 218, 'notex', 0, 0, 'false', 0, [218, 6016, 6020, 6025, 6039], []).
person(10495, 84, 218, 'notex', 0, 0, 'false', 0, [218, 6006, 6007, 6022], []).
person(10496, 80, 218, 'notex', 0, 0, 'false', 0, [218, 6004, 6023], []).
person(10497, 85, 218, 'notex', 0, 0, 'false', 0, [218, 6018, 6024, 6035], []).
person(10498, 26, 219, 'notex', 0, 0, 'false', 0, [12, 219, 6006, 6025, 6033, 6040], []).
person(10499, 59, 219, 'notex', 0, 0, 'false', 0, [21, 219, 6000, 6001, 6010], []).
